1014
0 197 272
1 54 118
2 133 375
3 82 288
4 344 366
5 257 343
6 392 326
7 120 311
8 159 19
9 186 34
10 12 87
11 134 267
12 147 345
13 276 163
14 255 215
15 297 36
16 14 155
17 386 251
18 51 63
19 306 230
20 393 205
21 159 22
22 378 51
23 125 151
24 324 210
25 361 211
26 14 246
27 284 257
28 53 30
29 260 303
30 174 337
31 104 191
32 207 187
33 373 30
34 68 230
35 43 130
36 355 374
37 312 335
38 159 325
39 143 207
40 153 261
41 23 210
42 283 96
43 57 194
44 188 388
45 313 159
46 338 43
47 31 395
48 197 234
49 246 375
50 295 248
51 295 218
52 286 16
53 242 64
54 319 63
55 231 291
56 9 289
57 4 137
58 30 299
59 331 94
60 221 351
61 236 35
62 169 311
63 238 180
64 144 349
65 207 9
66 386 394
67 195 349
68 57 340
69 245 189
70 3 367
71 282 148
72 267 144
73 167 393
74 276 14
75 37 145
76 133 265
77 189 351
78 266 49
79 31 20
80 43 198
81 292 382
82 98 255
83 90 169
84 255 65
85 354 139
86 343 357
87 138 180
88 178 153
89 6 126
90 52 348
91 380 326
92 26 125
93 52 171
94 145 344
95 130 181
96 274 77
97 102 258
98 331 168
99 240 86
100 110 296
101 200 359
102 203 276
103 53 363
104 296 135
105 91 360
106 31 250
107 34 96
108 215 112
109 151 285
110 224 7
111 148 270
112 265 305
113 389 112
114 324 116
115 12 312
116 386 133
117 159 271
118 150 271
119 269 270
120 205 367
121 143 280
122 101 3
123 219 326
124 195 264
125 183 378
126 257 302
127 330 120
128 96 395
129 49 232
130 141 228
131 122 322
132 88 370
133 397 325
134 351 93
135 57 308
136 254 360
137 148 315
138 250 209
139 135 76
140 111 82
141 145 356
142 299 353
143 104 217
144 277 324
145 184 0
146 243 293
147 102 391
148 135 214
149 166 149
150 89 292
151 151 29
152 120 237
153 261 275
154 34 176
155 70 22
156 191 315
157 36 181
158 364 300
159 218 372
160 229 375
161 124 315
162 249 4
163 369 163
164 45 382
165 349 150
166 395 143
167 144 68
168 48 259
169 90 131
170 95 62
171 170 163
172 318 283
173 371 243
174 169 176
175 142 16
176 350 60
177 162 138
178 283 98
179 300 277
180 398 280
181 192 260
182 368 70
183 288 250
184 136 197
185 326 135
186 146 151
187 342 68
188 141 211
189 184 340
190 342 368
191 3 344
192 46 72
193 372 144
194 25 395
195 339 270
196 385 323
197 149 168
198 79 246
199 334 80
200 154 129
201 327 25
202 11 320
203 149 98
204 270 79
205 75 356
206 54 198
207 286 242
208 280 43
209 392 341
210 31 236
211 0 182
212 366 370
213 15 31
214 140 375
215 295 301
216 332 38
217 23 215
218 109 168
219 187 99
220 397 382
221 204 346
222 29 72
223 55 353
224 255 267
225 126 229
226 200 84
227 12 91
228 102 47
229 20 193
230 273 341
231 119 263
232 103 14
233 268 300
234 25 165
235 314 284
236 275 88
237 25 29
238 194 266
239 52 281
240 49 70
241 213 99
242 88 210
243 235 267
244 7 7
245 330 376
246 30 51
247 30 348
248 269 237
249 313 297
250 147 244
251 217 35
252 234 296
253 255 77
254 201 296
255 319 98
256 353 239
257 194 200
258 32 257
259 302 363
260 306 177
261 78 389
262 209 337
263 331 176
264 185 340
265 72 199
266 263 112
267 3 116
268 101 132
269 343 359
270 375 318
271 314 5
272 21 122
273 318 89
274 167 338
275 170 89
276 317 26
277 235 292
278 300 172
279 354 99
280 63 142
281 37 124
282 394 351
283 277 260
284 328 355
285 21 200
286 92 190
287 359 340
288 257 319
289 383 262
290 347 180
291 86 44
292 156 302
293 246 360
294 202 148
295 155 293
296 353 154
297 183 151
298 52 270
299 348 313
300 215 278
301 392 205
302 211 87
303 110 343
304 184 83
305 22 397
306 326 371
307 292 292
308 97 200
309 223 349
310 110 102
311 288 304
312 68 148
313 309 303
314 135 55
315 355 84
316 130 334
317 303 173
318 147 220
319 102 261
320 158 220
321 111 128
322 270 283
323 372 50
324 220 362
325 341 285
326 25 266
327 226 23
328 272 251
329 73 288
330 374 95
331 231 315
332 340 155
333 235 57
334 52 307
335 256 18
336 155 336
337 293 44
338 398 288
339 238 40
340 271 56
341 36 41
342 218 211
343 362 79
344 252 105
345 262 288
346 365 125
347 9 362
348 157 352
349 243 38
350 188 42
351 8 33
352 258 85
353 95 292
354 63 208
355 248 366
356 52 136
357 386 300
358 397 75
359 155 237
360 129 193
361 92 398
362 374 375
363 301 381
364 215 252
365 367 32
366 246 379
367 44 302
368 260 73
369 375 19
370 273 43
371 4 379
372 175 213
373 208 36
374 296 90
375 146 325
376 303 177
377 37 222
378 170 237
379 173 279
380 257 18
381 42 168
382 214 378
383 234 28
384 183 364
385 389 82
386 115 180
387 357 362
388 170 146
389 177 311
390 395 97
391 228 243
392 188 44
393 24 326
394 244 13
395 349 191
396 161 184
397 170 208
398 299 324
399 374 361
400 298 7
401 225 202
402 14 353
403 332 205
404 184 171
405 374 199
406 160 88
407 108 181
408 336 78
409 378 162
410 244 295
411 243 162
412 284 188
413 112 34
414 87 385
415 202 76
416 395 211
417 272 11
418 215 341
419 27 370
420 325 232
421 290 0
422 204 243
423 207 16
424 125 238
425 46 383
426 173 351
427 149 52
428 250 84
429 114 260
430 309 315
431 255 44
432 29 214
433 176 101
434 244 353
435 254 186
436 252 337
437 276 102
438 206 17
439 130 275
440 278 13
441 141 48
442 207 275
443 166 103
444 5 186
445 25 244
446 356 102
447 389 180
448 294 350
449 326 176
450 329 303
451 288 253
452 16 388
453 392 127
454 260 24
455 305 293
456 81 267
457 148 59
458 325 292
459 156 97
460 195 119
461 330 240
462 23 126
463 81 54
464 102 106
465 150 18
466 139 327
467 116 69
468 152 347
469 234 54
470 347 203
471 276 224
472 61 354
473 343 1
474 243 355
475 8 389
476 371 264
477 85 377
478 336 207
479 130 143
480 226 236
481 261 287
482 88 318
483 394 230
484 208 24
485 324 335
486 164 321
487 326 204
488 219 35
489 32 207
490 55 158
491 19 98
492 371 24
493 312 4
494 56 108
495 254 59
496 391 111
497 36 178
498 188 390
499 168 95
500 3 231
501 388 264
502 277 95
503 127 65
504 241 5
505 197 62
506 21 28
507 269 244
508 72 118
509 249 285
510 259 382
511 99 58
512 364 11
513 344 278
514 352 136
515 316 371
516 305 229
517 309 31
518 309 220
519 77 90
520 304 346
521 49 256
522 224 344
523 260 51
524 240 364
525 176 10
526 104 374
527 82 308
528 44 133
529 327 236
530 149 336
531 178 342
532 255 375
533 96 172
534 81 311
535 8 57
536 329 237
537 78 111
538 78 24
539 256 377
540 158 249
541 174 142
542 105 123
543 72 59
544 321 199
545 223 228
546 303 122
547 21 397
548 374 178
549 61 17
550 181 258
551 145 90
552 96 194
553 376 120
554 189 382
555 155 24
556 128 64
557 153 342
558 331 349
559 362 249
560 254 309
561 157 389
562 211 224
563 54 299
564 104 298
565 255 359
566 28 262
567 166 371
568 220 84
569 371 257
570 334 46
571 59 29
572 215 128
573 332 262
574 178 377
575 128 336
576 362 120
577 331 139
578 184 232
579 94 246
580 162 209
581 106 92
582 385 268
583 186 265
584 329 374
585 11 146
586 144 397
587 31 302
588 301 308
589 246 363
590 66 379
591 331 184
592 324 367
593 18 136
594 62 114
595 66 157
596 133 264
597 396 61
598 289 116
599 362 290
600 345 255
601 49 280
602 309 367
603 204 317
604 326 372
605 371 10
606 357 399
607 268 24
608 161 251
609 12 220
610 251 233
611 347 201
612 278 31
613 385 116
614 345 378
615 140 231
616 360 357
617 13 127
618 333 283
619 308 265
620 278 146
621 262 335
622 176 30
623 186 88
624 372 189
625 345 170
626 340 167
627 155 242
628 358 140
629 46 294
630 261 87
631 276 388
632 203 2
633 28 167
634 347 168
635 211 263
636 136 327
637 73 225
638 389 305
639 273 326
640 294 50
641 92 177
642 222 303
643 396 374
644 78 251
645 301 153
646 125 146
647 111 32
648 227 206
649 204 34
650 294 51
651 251 387
652 107 25
653 268 392
654 371 327
655 170 234
656 10 111
657 133 79
658 336 43
659 255 13
660 24 38
661 52 127
662 27 258
663 287 347
664 192 281
665 191 144
666 352 32
667 196 287
668 248 233
669 291 7
670 48 320
671 380 25
672 284 223
673 216 256
674 8 157
675 371 194
676 37 82
677 203 312
678 305 380
679 125 144
680 143 182
681 191 339
682 320 379
683 343 51
684 79 312
685 316 371
686 246 208
687 210 65
688 124 166
689 41 375
690 242 300
691 219 90
692 102 32
693 235 218
694 35 114
695 381 250
696 195 249
697 299 5
698 150 358
699 150 366
700 329 37
701 84 71
702 84 251
703 159 38
704 326 128
705 193 23
706 317 331
707 391 198
708 264 365
709 385 54
710 282 391
711 296 184
712 174 360
713 161 9
714 278 320
715 373 34
716 14 187
717 268 40
718 333 370
719 287 209
720 393 219
721 368 240
722 173 325
723 329 341
724 134 221
725 318 271
726 137 395
727 181 274
728 98 138
729 201 74
730 226 1
731 353 380
732 16 177
733 301 1
734 69 2
735 118 183
736 312 22
737 289 392
738 206 78
739 138 7
740 370 383
741 390 75
742 125 108
743 311 121
744 204 38
745 44 159
746 306 397
747 386 342
748 94 139
749 124 36
750 227 80
751 171 104
752 3 230
753 155 74
754 253 308
755 355 272
756 310 77
757 280 28
758 277 228
759 298 333
760 71 398
761 237 81
762 194 88
763 241 70
764 77 295
765 287 129
766 288 2
767 179 357
768 99 271
769 350 183
770 291 64
771 4 142
772 97 101
773 358 368
774 306 36
775 246 13
776 73 124
777 32 299
778 371 96
779 365 161
780 5 266
781 214 234
782 100 249
783 96 262
784 240 228
785 8 295
786 350 398
787 271 219
788 194 92
789 242 292
790 155 210
791 159 252
792 113 230
793 19 323
794 164 37
795 3 281
796 29 268
797 208 179
798 209 353
799 185 73
800 284 116
801 229 222
802 345 205
803 378 367
804 309 304
805 226 326
806 154 334
807 329 108
808 339 77
809 318 362
810 220 391
811 187 308
812 314 354
813 333 184
814 225 76
815 263 148
816 352 6
817 323 114
818 188 356
819 381 145
820 177 369
821 84 73
822 365 391
823 51 67
824 288 16
825 330 364
826 381 97
827 317 64
828 90 47
829 99 174
830 109 214
831 49 297
832 211 89
833 115 143
834 347 339
835 145 66
836 182 254
837 337 315
838 161 73
839 271 237
840 14 341
841 259 389
842 107 250
843 197 77
844 31 216
845 156 387
846 117 141
847 141 183
848 192 396
849 338 130
850 288 346
851 211 114
852 19 217
853 184 235
854 67 336
855 309 151
856 299 17
857 350 269
858 329 314
859 25 178
860 262 389
861 87 352
862 297 324
863 223 155
864 160 141
865 73 312
866 15 13
867 252 226
868 212 135
869 213 69
870 34 75
871 220 192
872 327 211
873 277 58
874 181 316
875 267 66
876 134 4
877 325 238
878 21 86
879 369 251
880 261 42
881 142 141
882 123 302
883 112 254
884 222 371
885 210 164
886 398 65
887 303 327
888 163 20
889 394 338
890 47 328
891 128 169
892 133 226
893 283 37
894 92 333
895 150 237
896 377 17
897 75 21
898 166 170
899 57 186
900 165 159
901 358 15
902 191 201
903 322 151
904 113 46
905 271 379
906 120 112
907 259 329
908 345 37
909 143 50
910 79 271
911 196 295
912 377 346
913 31 361
914 197 203
915 78 366
916 380 67
917 337 385
918 171 138
919 84 119
920 109 131
921 4 94
922 345 1
923 244 74
924 66 104
925 352 173
926 272 276
927 254 139
928 157 308
929 229 293
930 33 185
931 365 232
932 270 41
933 80 373
934 4 326
935 21 214
936 7 147
937 43 82
938 384 218
939 19 393
940 106 221
941 305 383
942 155 29
943 1 286
944 51 197
945 311 115
946 37 203
947 200 392
948 27 327
949 395 265
950 249 265
951 139 314
952 5 243
953 315 183
954 343 9
955 342 205
956 198 50
957 333 301
958 251 153
959 304 273
960 28 134
961 291 127
962 220 272
963 293 137
964 196 51
965 329 150
966 108 37
967 368 11
968 264 358
969 172 294
970 249 162
971 66 65
972 215 151
973 224 133
974 194 378
975 171 371
976 381 109
977 113 245
978 168 59
979 301 15
980 377 202
981 174 258
982 154 352
983 275 208
984 257 150
985 48 34
986 18 152
987 65 53
988 22 275
989 132 27
990 270 249
991 347 159
992 85 363
993 311 100
994 192 331
995 301 29
996 320 147
997 114 245
998 299 40
999 290 23
1000 316 147
1001 241 78
1002 247 286
1003 71 254
1004 110 232
1005 9 117
1006 197 376
1007 186 298
1008 93 85
1009 151 111
1010 137 264
1011 197 300
1012 325 365
1013 246 294