1014
0 193 170
1 335 316
2 93 63
3 368 47
4 54 205
5 157 219
6 162 142
7 221 203
8 98 14
9 242 365
10 240 105
11 69 145
12 332 371
13 300 56
14 80 230
15 326 393
16 128 271
17 123 241
18 207 37
19 59 348
20 158 104
21 88 319
22 154 130
23 113 15
24 120 248
25 63 280
26 12 345
27 288 54
28 137 16
29 373 192
30 225 35
31 244 312
32 340 196
33 245 365
34 296 217
35 177 153
36 181 282
37 288 329
38 59 100
39 231 139
40 168 12
41 333 251
42 226 291
43 299 224
44 377 23
45 120 258
46 10 360
47 212 128
48 112 278
49 169 84
50 141 129
51 239 320
52 269 142
53 154 268
54 286 303
55 274 56
56 309 254
57 52 168
58 339 50
59 185 277
60 73 352
61 149 285
62 328 156
63 260 315
64 233 31
65 182 79
66 47 51
67 229 218
68 119 227
69 205 369
70 19 365
71 325 243
72 232 350
73 307 127
74 88 179
75 193 295
76 107 133
77 283 363
78 18 220
79 386 123
80 137 183
81 373 253
82 40 372
83 51 15
84 20 84
85 128 57
86 340 325
87 313 297
88 61 41
89 285 350
90 291 173
91 188 173
92 259 71
93 3 123
94 336 242
95 330 382
96 295 31
97 104 40
98 77 384
99 339 305
100 85 300
101 128 158
102 362 210
103 357 111
104 103 36
105 6 159
106 363 10
107 168 280
108 49 159
109 323 21
110 172 376
111 69 286
112 43 389
113 328 62
114 30 325
115 236 178
116 73 67
117 54 220
118 65 318
119 115 10
120 276 69
121 368 84
122 198 63
123 68 346
124 69 396
125 12 29
126 381 255
127 106 312
128 58 373
129 189 227
130 92 285
131 354 316
132 398 317
133 183 367
134 212 358
135 316 276
136 160 299
137 353 299
138 266 343
139 37 87
140 217 260
141 356 198
142 330 195
143 309 14
144 369 178
145 332 355
146 76 150
147 5 39
148 155 388
149 84 256
150 366 34
151 113 396
152 73 88
153 337 309
154 95 295
155 266 205
156 205 342
157 258 359
158 387 307
159 0 164
160 188 116
161 43 124
162 52 47
163 291 356
164 59 157
165 119 207
166 67 357
167 204 112
168 168 77
169 159 376
170 21 8
171 77 315
172 1 254
173 90 265
174 393 2
175 300 13
176 223 351
177 40 302
178 142 153
179 368 314
180 256 89
181 234 108
182 199 117
183 308 249
184 89 154
185 115 239
186 82 106
187 245 50
188 397 300
189 238 221
190 382 135
191 171 319
192 176 157
193 65 261
194 314 162
195 241 217
196 127 171
197 205 335
198 389 330
199 181 103
200 23 290
201 32 17
202 19 387
203 339 246
204 26 126
205 299 174
206 339 114
207 389 387
208 393 51
209 278 38
210 65 54
211 317 98
212 192 219
213 100 5
214 118 123
215 221 330
216 50 178
217 334 228
218 315 192
219 362 279
220 386 281
221 174 322
222 304 105
223 121 166
224 306 85
225 103 157
226 368 214
227 196 135
228 302 292
229 184 266
230 334 328
231 31 191
232 345 383
233 325 370
234 69 118
235 59 260
236 170 210
237 117 82
238 392 129
239 164 132
240 36 304
241 350 277
242 74 271
243 65 339
244 358 64
245 9 23
246 306 37
247 251 333
248 318 60
249 72 266
250 304 187
251 383 260
252 142 99
253 219 48
254 355 205
255 366 174
256 181 172
257 52 328
258 289 312
259 226 56
260 201 216
261 377 51
262 0 272
263 19 230
264 57 292
265 381 155
266 115 17
267 120 184
268 211 14
269 261 236
270 332 152
271 2 316
272 291 347
273 377 110
274 53 99
275 59 128
276 386 305
277 393 46
278 323 157
279 203 160
280 11 53
281 226 187
282 248 128
283 14 272
284 203 295
285 60 192
286 337 348
287 288 223
288 339 217
289 73 78
290 69 340
291 39 176
292 101 52
293 274 102
294 48 278
295 192 258
296 300 29
297 143 207
298 180 383
299 271 3
300 333 215
301 346 253
302 351 131
303 143 319
304 315 99
305 14 137
306 368 289
307 86 80
308 205 88
309 51 215
310 230 189
311 75 65
312 17 173
313 74 37
314 217 378
315 391 330
316 295 139
317 57 63
318 289 219
319 237 121
320 148 24
321 194 106
322 112 89
323 198 210
324 251 293
325 199 132
326 203 165
327 17 34
328 140 199
329 7 136
330 128 43
331 43 295
332 355 130
333 251 15
334 398 174
335 115 262
336 274 242
337 322 361
338 139 218
339 93 84
340 117 398
341 73 290
342 247 369
343 323 119
344 376 373
345 324 95
346 217 369
347 311 341
348 138 111
349 365 183
350 330 217
351 333 280
352 353 42
353 66 229
354 164 42
355 285 389
356 161 223
357 145 379
358 13 147
359 202 24
360 171 149
361 120 250
362 369 375
363 238 344
364 116 115
365 232 255
366 223 5
367 163 137
368 306 339
369 2 296
370 337 99
371 250 8
372 248 337
373 398 180
374 141 331
375 227 202
376 150 79
377 315 253
378 296 240
379 2 161
380 266 374
381 41 205
382 156 225
383 14 267
384 29 124
385 90 198
386 369 302
387 120 226
388 383 8
389 288 7
390 390 172
391 279 84
392 268 250
393 240 232
394 175 170
395 303 177
396 154 195
397 298 157
398 245 255
399 242 376
400 32 103
401 21 174
402 219 88
403 360 391
404 343 355
405 223 26
406 62 144
407 328 166
408 300 83
409 133 126
410 384 77
411 73 338
412 359 368
413 362 80
414 310 310
415 291 65
416 19 15
417 228 149
418 60 293
419 344 130
420 397 155
421 122 263
422 221 146
423 248 204
424 141 12
425 74 123
426 2 115
427 343 321
428 37 146
429 350 205
430 42 253
431 311 260
432 71 98
433 225 326
434 381 183
435 329 227
436 97 39
437 75 59
438 202 140
439 372 109
440 99 87
441 22 56
442 153 201
443 251 142
444 61 106
445 217 211
446 30 84
447 230 258
448 376 82
449 142 372
450 337 87
451 395 392
452 368 296
453 262 197
454 373 247
455 49 336
456 328 87
457 180 67
458 122 387
459 131 72
460 38 291
461 355 384
462 291 193
463 241 242
464 93 108
465 34 323
466 370 398
467 365 136
468 49 383
469 128 55
470 173 184
471 259 324
472 371 227
473 46 34
474 302 226
475 395 210
476 330 43
477 287 143
478 85 97
479 36 58
480 129 60
481 133 267
482 133 31
483 348 128
484 399 394
485 53 154
486 380 263
487 170 253
488 301 174
489 90 359
490 109 203
491 249 52
492 357 193
493 310 283
494 99 348
495 356 349
496 60 250
497 312 120
498 350 349
499 92 34
500 184 137
501 35 277
502 177 328
503 378 388
504 115 63
505 154 349
506 144 378
507 223 201
508 123 159
509 107 367
510 312 307
511 147 98
512 383 90
513 259 151
514 167 337
515 282 219
516 270 6
517 76 215
518 263 26
519 378 97
520 52 55
521 73 173
522 367 191
523 358 144
524 394 371
525 8 105
526 9 104
527 324 91
528 64 37
529 134 373
530 152 278
531 6 49
532 161 205
533 202 313
534 100 217
535 359 107
536 149 71
537 102 251
538 181 84
539 235 306
540 334 73
541 390 173
542 307 175
543 311 366
544 112 219
545 256 233
546 275 25
547 128 110
548 48 140
549 306 183
550 207 320
551 240 369
552 287 4
553 360 306
554 70 355
555 102 120
556 276 318
557 251 249
558 279 183
559 28 40
560 231 264
561 243 9
562 392 210
563 1 321
564 145 142
565 57 133
566 52 327
567 89 325
568 272 175
569 112 381
570 341 174
571 379 245
572 199 241
573 158 137
574 251 231
575 62 153
576 135 233
577 241 141
578 283 299
579 217 20
580 206 49
581 57 253
582 370 307
583 75 321
584 396 299
585 151 197
586 340 101
587 283 96
588 134 314
589 248 148
590 361 280
591 45 210
592 281 328
593 324 86
594 128 83
595 56 195
596 227 9
597 115 77
598 303 377
599 80 40
600 207 11
601 258 384
602 113 228
603 195 231
604 176 240
605 366 293
606 229 118
607 74 98
608 191 93
609 342 382
610 78 105
611 138 279
612 21 100
613 275 18
614 180 349
615 51 109
616 278 367
617 349 372
618 193 336
619 10 317
620 39 214
621 191 143
622 192 381
623 32 158
624 380 165
625 101 20
626 300 366
627 256 330
628 49 319
629 399 135
630 305 209
631 274 217
632 84 292
633 271 264
634 309 53
635 179 290
636 345 58
637 248 354
638 317 269
639 313 77
640 230 171
641 254 397
642 1 58
643 90 384
644 293 245
645 99 21
646 103 358
647 379 294
648 260 168
649 215 45
650 179 381
651 12 209
652 207 108
653 71 24
654 95 262
655 250 122
656 81 225
657 192 8
658 302 55
659 13 23
660 148 125
661 397 353
662 32 176
663 217 99
664 143 187
665 358 152
666 352 90
667 376 317
668 327 24
669 364 330
670 342 274
671 181 357
672 114 41
673 37 40
674 12 306
675 279 96
676 385 141
677 49 244
678 193 156
679 155 239
680 394 242
681 184 396
682 126 229
683 90 194
684 83 192
685 175 91
686 91 160
687 237 165
688 388 223
689 105 384
690 16 363
691 310 397
692 366 348
693 3 253
694 236 73
695 273 100
696 250 335
697 202 369
698 154 207
699 188 244
700 66 227
701 268 345
702 67 191
703 387 371
704 240 272
705 163 354
706 82 305
707 106 155
708 225 285
709 135 341
710 213 25
711 106 296
712 90 211
713 143 374
714 8 387
715 188 269
716 236 68
717 231 249
718 60 94
719 359 207
720 103 395
721 71 133
722 132 133
723 109 146
724 123 274
725 381 366
726 70 212
727 266 377
728 216 239
729 98 398
730 23 203
731 171 170
732 286 282
733 340 18
734 11 113
735 2 159
736 129 322
737 42 176
738 330 241
739 399 202
740 228 292
741 212 165
742 177 220
743 296 396
744 86 16
745 253 309
746 299 302
747 221 231
748 278 331
749 88 81
750 236 212
751 230 312
752 45 71
753 144 352
754 150 319
755 187 27
756 59 154
757 297 395
758 179 72
759 373 126
760 206 70
761 200 256
762 392 77
763 42 249
764 18 159
765 137 8
766 296 216
767 337 27
768 349 349
769 228 279
770 217 38
771 219 199
772 395 187
773 277 161
774 251 219
775 9 88
776 164 245
777 292 167
778 327 269
779 354 32
780 21 222
781 257 18
782 34 200
783 276 24
784 361 387
785 289 239
786 258 397
787 164 387
788 126 345
789 96 279
790 298 344
791 215 272
792 29 34
793 288 375
794 211 58
795 326 355
796 19 9
797 29 348
798 172 144
799 79 128
800 335 355
801 56 350
802 248 81
803 328 303
804 6 44
805 222 351
806 205 330
807 257 187
808 333 248
809 192 105
810 107 267
811 366 314
812 311 200
813 211 124
814 209 312
815 75 26
816 20 235
817 231 330
818 258 191
819 62 382
820 104 226
821 241 112
822 327 368
823 164 131
824 272 208
825 130 390
826 188 221
827 242 269
828 100 355
829 271 100
830 121 191
831 30 366
832 385 54
833 352 88
834 284 132
835 225 373
836 26 259
837 181 320
838 373 28
839 114 240
840 266 189
841 288 6
842 292 372
843 335 85
844 233 325
845 210 9
846 96 392
847 220 124
848 273 388
849 220 325
850 176 177
851 288 196
852 154 88
853 122 202
854 271 143
855 179 163
856 111 176
857 181 262
858 378 8
859 255 304
860 5 344
861 103 349
862 396 271
863 398 43
864 32 50
865 387 151
866 395 365
867 174 42
868 49 182
869 245 289
870 17 80
871 362 201
872 116 199
873 145 97
874 392 129
875 127 353
876 230 240
877 308 296
878 171 215
879 55 150
880 259 125
881 282 7
882 191 274
883 225 367
884 114 30
885 354 88
886 3 244
887 277 132
888 69 384
889 209 90
890 318 42
891 1 134
892 139 40
893 265 390
894 140 196
895 48 259
896 132 46
897 304 332
898 99 109
899 115 12
900 179 369
901 26 160
902 5 230
903 240 22
904 230 253
905 67 67
906 139 325
907 233 63
908 186 115
909 193 141
910 57 42
911 345 146
912 26 316
913 292 109
914 254 42
915 313 361
916 6 361
917 66 52
918 249 32
919 63 325
920 121 394
921 208 143
922 3 397
923 173 164
924 186 137
925 150 209
926 166 243
927 25 375
928 25 217
929 328 282
930 194 324
931 31 148
932 90 354
933 15 190
934 20 378
935 203 56
936 0 190
937 335 101
938 196 223
939 370 235
940 148 175
941 117 216
942 58 356
943 304 250
944 28 319
945 348 0
946 94 289
947 47 93
948 263 160
949 362 194
950 64 221
951 51 214
952 196 196
953 288 258
954 312 389
955 343 158
956 9 275
957 95 337
958 196 317
959 58 278
960 131 150
961 230 281
962 214 299
963 161 251
964 67 270
965 373 339
966 3 379
967 295 381
968 175 165
969 180 148
970 144 351
971 64 187
972 151 191
973 131 152
974 134 271
975 365 112
976 321 207
977 346 48
978 258 219
979 31 258
980 27 357
981 382 48
982 364 238
983 373 290
984 163 18
985 383 123
986 136 63
987 365 103
988 29 127
989 131 166
990 72 371
991 137 250
992 182 220
993 169 365
994 67 115
995 136 126
996 302 91
997 173 216
998 129 182
999 302 203
1000 143 306
1001 211 366
1002 25 228
1003 160 334
1004 301 111
1005 138 135
1006 77 226
1007 304 32
1008 283 130
1009 331 175
1010 368 106
1011 318 240
1012 330 78
1013 306 39