1123
0 566 118
1 722 145
2 1099 619
3 821 589
4 824 1097
5 316 909
6 265 194
7 404 994
8 631 345
9 634 241
10 308 23
11 461 1119
12 950 88
13 108 807
14 577 822
15 800 1101
16 1081 846
17 302 224
18 146 792
19 706 320
20 414 387
21 890 567
22 543 151
23 161 959
24 478 1131
25 146 521
26 274 118
27 331 847
28 848 233
29 123 829
30 828 1111
31 58 683
32 37 92
33 224 599
34 75 607
35 1185 1097
36 540 583
37 563 729
38 611 623
39 419 364
40 520 168
41 979 749
42 1182 621
43 115 954
44 589 1165
45 426 132
46 1188 1096
47 15 663
48 586 65
49 914 224
50 1093 844
51 403 21
52 614 762
53 660 739
54 1195 707
55 513 531
56 871 925
57 120 427
58 5 995
59 1123 542
60 1096 6
61 719 710
62 1032 680
63 663 617
64 109 595
65 1186 604
66 915 771
67 137 942
68 595 450
69 761 704
70 12 1146
71 870 225
72 456 206
73 1105 292
74 538 148
75 68 122
76 724 46
77 450 841
78 41 1012
79 445 954
80 468 461
81 51 1056
82 763 677
83 1075 955
84 276 1168
85 1024 1109
86 778 323
87 710 944
88 1177 0
89 219 437
90 1091 1091
91 814 911
92 763 459
93 781 773
94 402 678
95 576 480
96 118 947
97 492 939
98 437 1138
99 215 152
100 20 238
101 605 231
102 439 971
103 985 542
104 57 1015
105 65 815
106 737 526
107 949 628
108 682 1029
109 719 9
110 302 160
111 321 507
112 56 721
113 556 226
114 1132 1014
115 1126 437
116 642 271
117 1076 552
118 1043 785
119 886 1160
120 1107 323
121 977 1161
122 191 270
123 922 500
124 620 1137
125 1164 308
126 229 1151
127 788 542
128 763 781
129 282 1157
130 408 1160
131 684 668
132 810 600
133 510 399
134 1133 918
135 775 1186
136 983 440
137 943 841
138 203 428
139 224 405
140 137 745
141 854 974
142 101 728
143 946 765
144 951 537
145 924 918
146 420 516
147 224 119
148 600 48
149 135 626
150 306 300
151 863 1013
152 1051 1140
153 30 107
154 605 85
155 130 680
156 976 1179
157 8 376
158 945 244
159 761 634
160 608 574
161 745 442
162 435 289
163 257 830
164 274 862
165 631 119
166 168 1018
167 915 974
168 993 935
169 277 748
170 887 155
171 581 496
172 676 71
173 265 987
174 428 145
175 749 1110
176 1020 428
177 707 1100
178 1070 1010
179 555 583
180 809 23
181 70 1033
182 731 748
183 641 674
184 247 421
185 536 1193
186 237 929
187 444 1061
188 602 388
189 502 503
190 436 1126
191 804 246
192 359 447
193 793 968
194 873 599
195 929 10
196 238 283
197 1153 601
198 433 1155
199 953 468
200 882 1192
201 791 441
202 585 153
203 310 176
204 1012 160
205 1120 260
206 252 577
207 211 853
208 1047 612
209 1069 13
210 1126 1049
211 1089 1183
212 692 1126
213 1181 419
214 1180 900
215 1060 233
216 444 420
217 250 160
218 622 331
219 565 377
220 725 590
221 902 365
222 494 428
223 550 635
224 583 919
225 480 985
226 732 528
227 439 996
228 761 722
229 631 665
230 281 451
231 129 516
232 760 474
233 336 251
234 1018 843
235 998 660
236 805 568
237 341 1081
238 340 238
239 483 67
240 1098 642
241 1122 1122
242 780 166
243 286 352
244 634 700
245 568 627
246 703 686
247 575 571
248 926 937
249 768 1142
250 488 973
251 733 252
252 773 252
253 915 198
254 729 212
255 683 245
256 9 113
257 287 31
258 495 990
259 277 715
260 660 600
261 323 453
262 23 857
263 1193 692
264 1105 790
265 530 130
266 35 765
267 235 136
268 32 11
269 470 575
270 1160 1024
271 987 545
272 449 78
273 101 397
274 1093 359
275 854 1117
276 1043 1167
277 477 714
278 339 1069
279 365 537
280 897 437
281 977 1049
282 1000 1154
283 357 561
284 1111 16
285 292 40
286 1193 221
287 1049 1169
288 726 884
289 15 669
290 649 948
291 312 1061
292 234 666
293 678 391
294 915 561
295 724 988
296 790 1022
297 422 791
298 172 518
299 252 984
300 323 900
301 478 174
302 406 879
303 742 187
304 270 672
305 334 395
306 662 609
307 345 653
308 565 33
309 527 265
310 1143 279
311 825 998
312 876 469
313 229 837
314 1144 1064
315 74 74
316 1142 1004
317 463 406
318 983 713
319 46 434
320 366 30
321 522 1094
322 772 893
323 1105 1187
324 273 135
325 922 710
326 332 950
327 721 358
328 880 139
329 581 830
330 223 1049
331 964 458
332 98 774
333 443 731
334 1127 552
335 691 429
336 1004 913
337 997 476
338 753 284
339 1197 112
340 475 591
341 341 255
342 27 891
343 786 17
344 349 181
345 337 754
346 102 768
347 697 602
348 168 1087
349 258 14
350 426 851
351 893 793
352 786 563
353 1178 826
354 867 165
355 451 1024
356 1016 463
357 714 41
358 480 1192
359 107 1081
360 1110 697
361 968 492
362 146 205
363 1085 435
364 492 531
365 816 228
366 645 1021
367 551 521
368 106 846
369 635 40
370 861 829
371 1157 1037
372 1147 1137
373 1095 471
374 1017 305
375 23 1010
376 58 664
377 997 697
378 1089 1129
379 16 243
380 177 497
381 556 740
382 324 82
383 595 468
384 1058 981
385 383 1110
386 425 1072
387 873 686
388 1132 286
389 645 45
390 967 562
391 375 706
392 117 84
393 2 52
394 465 823
395 1043 1051
396 922 525
397 927 661
398 729 934
399 53 591
400 217 959
401 331 611
402 563 342
403 988 98
404 723 961
405 406 682
406 721 80
407 202 656
408 621 140
409 412 273
410 950 50
411 903 981
412 123 606
413 37 922
414 1041 370
415 824 972
416 942 468
417 414 52
418 745 393
419 1107 890
420 872 33
421 263 241
422 597 674
423 919 894
424 225 27
425 1008 187
426 574 666
427 445 945
428 1149 1162
429 1106 1020
430 337 1062
431 584 683
432 103 415
433 390 57
434 184 725
435 887 832
436 611 1003
437 574 322
438 843 1182
439 883 846
440 960 614
441 415 696
442 436 510
443 57 80
444 1058 1169
445 982 308
446 311 1158
447 558 556
448 852 332
449 835 272
450 211 330
451 867 591
452 950 451
453 753 408
454 1000 472
455 262 432
456 112 1195
457 101 610
458 1015 649
459 449 1157
460 718 1029
461 194 809
462 530 1195
463 1070 662
464 570 462
465 90 457
466 727 803
467 996 442
468 199 17
469 195 1130
470 869 585
471 640 1098
472 220 532
473 157 490
474 524 813
475 88 717
476 936 365
477 476 129
478 1062 264
479 269 210
480 66 594
481 649 903
482 863 289
483 621 1110
484 1034 1128
485 996 769
486 183 346
487 1126 125
488 987 942
489 747 283
490 439 888
491 152 676
492 994 817
493 64 682
494 303 483
495 942 909
496 742 548
497 805 183
498 1142 753
499 657 173
500 1170 1068
501 788 1053
502 1066 645
503 551 607
504 424 467
505 72 44
506 953 350
507 31 1192
508 1183 481
509 432 967
510 224 363
511 26 88
512 1154 536
513 63 837
514 1000 139
515 601 64
516 870 788
517 352 828
518 310 686
519 295 1029
520 1043 910
521 628 1011
522 556 737
523 439 414
524 14 701
525 84 486
526 612 1021
527 198 755
528 419 1184
529 243 117
530 1094 547
531 2 1029
532 568 1142
533 842 932
534 273 459
535 699 988
536 1135 271
537 958 329
538 1041 1190
539 775 502
540 299 306
541 235 343
542 722 379
543 1196 747
544 1057 359
545 410 637
546 398 116
547 452 881
548 941 418
549 883 556
550 985 797
551 431 499
552 5 420
553 460 836
554 737 1188
555 269 103
556 344 784
557 341 768
558 100 948
559 1025 698
560 400 144
561 955 196
562 309 980
563 674 873
564 196 572
565 383 153
566 392 546
567 559 885
568 141 311
569 953 633
570 267 62
571 109 24
572 1150 418
573 1111 33
574 246 922
575 969 479
576 340 718
577 733 333
578 767 1008
579 423 136
580 302 148
581 1142 171
582 366 630
583 377 564
584 192 1073
585 542 924
586 1069 79
587 12 504
588 509 384
589 316 1053
590 1023 262
591 1179 747
592 350 532
593 815 391
594 202 822
595 1096 407
596 997 781
597 956 787
598 216 244
599 209 695
600 806 66
601 633 795
602 1198 1150
603 763 187
604 933 524
605 804 664
606 483 1140
607 1009 322
608 970 376
609 89 381
610 1075 387
611 1022 497
612 1199 748
613 240 393
614 1164 606
615 1010 1018
616 967 567
617 840 484
618 937 530
619 765 338
620 162 884
621 1067 596
622 139 266
623 277 171
624 1174 990
625 1183 1059
626 466 1182
627 842 409
628 410 151
629 573 329
630 84 69
631 246 1191
632 99 163
633 751 338
634 789 138
635 917 263
636 255 635
637 985 218
638 680 94
639 898 386
640 721 1024
641 878 856
642 1097 295
643 720 1018
644 781 202
645 1105 229
646 1189 43
647 1199 529
648 1069 613
649 596 786
650 833 931
651 1057 819
652 1099 540
653 701 991
654 894 24
655 196 570
656 745 273
657 470 967
658 243 933
659 970 1080
660 351 652
661 712 887
662 1137 536
663 685 96
664 742 633
665 386 857
666 86 375
667 209 823
668 1022 413
669 768 827
670 470 421
671 348 875
672 375 132
673 896 495
674 1069 339
675 125 628
676 539 655
677 370 849
678 1137 859
679 457 1197
680 633 755
681 817 67
682 551 483
683 57 429
684 315 593
685 337 154
686 1128 105
687 441 857
688 913 596
689 1078 1163
690 1003 327
691 140 882
692 1142 415
693 604 993
694 187 382
695 695 274
696 14 246
697 850 642
698 106 534
699 147 1050
700 117 837
701 874 986
702 317 637
703 767 393
704 682 73
705 416 1012
706 885 915
707 1097 111
708 52 314
709 1137 936
710 483 213
711 289 862
712 1143 983
713 454 753
714 346 1146
715 1107 66
716 427 707
717 680 11
718 1052 850
719 90 76
720 655 630
721 741 827
722 991 383
723 840 277
724 934 798
725 992 24
726 1072 344
727 1033 785
728 269 456
729 1041 961
730 40 848
731 757 129
732 277 849
733 778 1035
734 502 1173
735 212 469
736 526 718
737 25 280
738 693 362
739 1115 177
740 632 1126
741 436 834
742 928 94
743 324 367
744 137 568
745 1029 441
746 492 837
747 1128 247
748 155 1008
749 948 352
750 171 567
751 335 478
752 935 578
753 675 642
754 322 637
755 1002 108
756 240 1197
757 1122 270
758 489 716
759 724 1137
760 531 163
761 325 1032
762 224 50
763 1122 860
764 252 842
765 1059 950
766 1170 909
767 561 585
768 1139 8
769 655 244
770 642 793
771 822 571
772 1065 1001
773 100 821
774 509 723
775 82 685
776 517 932
777 378 31
778 355 420
779 150 747
780 424 201
781 816 720
782 702 712
783 926 1079
784 281 595
785 329 325
786 491 908
787 1146 821
788 0 213
789 1024 108
790 829 79
791 182 1131
792 343 1174
793 613 953
794 217 138
795 251 578
796 42 1149
797 43 551
798 1023 640
799 19 204
800 457 41
801 250 1006
802 449 178
803 213 813
804 120 1176
805 1182 1176
806 957 599
807 1071 685
808 557 649
809 460 1167
810 695 989
811 1119 1036
812 85 594
813 1107 383
814 852 827
815 994 416
816 821 448
817 740 233
818 1023 1174
819 87 672
820 822 416
821 987 575
822 534 711
823 426 219
824 1147 571
825 1027 562
826 350 1108
827 1042 786
828 1027 192
829 20 1174
830 214 896
831 716 351
832 775 809
833 873 55
834 543 802
835 555 68
836 665 159
837 277 78
838 445 543
839 771 121
840 647 473
841 543 304
842 820 257
843 456 91
844 421 10
845 388 340
846 951 756
847 432 701
848 450 740
849 902 262
850 856 266
851 254 841
852 186 444
853 10 62
854 254 1038
855 245 375
856 1060 284
857 888 1186
858 1014 869
859 503 443
860 1117 913
861 1197 592
862 1005 427
863 542 687
864 281 116
865 566 1042
866 351 387
867 379 95
868 60 1187
869 1096 242
870 732 490
871 301 522
872 1191 324
873 621 357
874 73 1027
875 743 343
876 407 929
877 104 663
878 545 408
879 233 513
880 906 106
881 1138 676
882 1181 1057
883 1153 150
884 360 787
885 244 1138
886 688 1050
887 528 962
888 1178 598
889 477 949
890 156 748
891 632 1138
892 760 154
893 920 256
894 147 735
895 246 314
896 755 1087
897 1132 539
898 1093 936
899 1170 648
900 666 791
901 455 698
902 175 574
903 861 726
904 70 1125
905 731 413
906 120 677
907 609 437
908 642 1114
909 452 450
910 504 152
911 612 204
912 356 825
913 862 28
914 608 262
915 548 492
916 408 327
917 985 1000
918 386 821
919 32 1116
920 435 1092
921 955 56
922 466 332
923 76 778
924 759 483
925 493 738
926 394 399
927 322 668
928 978 307
929 100 917
930 844 705
931 331 177
932 479 1033
933 1177 546
934 672 202
935 1115 537
936 829 873
937 947 1171
938 725 458
939 964 758
940 548 338
941 1047 553
942 300 771
943 796 193
944 549 433
945 349 662
946 276 588
947 790 741
948 384 695
949 434 1062
950 889 975
951 437 478
952 781 129
953 577 394
954 435 897
955 1180 440
956 1116 419
957 301 390
958 1147 433
959 378 289
960 1129 745
961 643 1187
962 767 301
963 228 616
964 466 857
965 775 1068
966 914 948
967 775 1157
968 150 769
969 464 69
970 393 648
971 489 569
972 1112 459
973 1029 1031
974 638 784
975 1182 212
976 329 109
977 862 997
978 925 1039
979 1158 610
980 177 947
981 578 1041
982 1031 159
983 1070 105
984 398 417
985 1116 803
986 504 571
987 702 869
988 58 912
989 975 752
990 815 629
991 796 1153
992 234 203
993 893 1001
994 552 417
995 728 898
996 215 121
997 756 393
998 858 335
999 208 1032
1000 571 279
1001 1086 1072
1002 575 826
1003 330 879
1004 903 629
1005 190 38
1006 814 287
1007 365 31
1008 107 686
1009 23 460
1010 840 1065
1011 832 1003
1012 139 335
1013 446 622
1014 878 790
1015 1137 899
1016 13 1133
1017 375 353
1018 430 1189
1019 912 141
1020 673 850
1021 10 816
1022 526 265
1023 824 711
1024 775 280
1025 638 33
1026 763 563
1027 843 60
1028 943 302
1029 497 650
1030 1199 405
1031 301 232
1032 588 878
1033 784 430
1034 955 513
1035 198 247
1036 121 791
1037 265 454
1038 1135 946
1039 530 678
1040 555 481
1041 633 659
1042 727 146
1043 918 1022
1044 27 310
1045 649 869
1046 644 16
1047 870 947
1048 1054 186
1049 999 663
1050 568 1145
1051 317 310
1052 905 382
1053 307 236
1054 990 369
1055 844 670
1056 746 323
1057 1015 771
1058 141 1065
1059 323 442
1060 826 294
1061 1140 937
1062 156 1199
1063 1083 696
1064 227 176
1065 1037 458
1066 189 329
1067 543 114
1068 127 663
1069 957 1038
1070 465 1071
1071 209 182
1072 633 995
1073 635 967
1074 473 368
1075 645 975
1076 940 305
1077 56 421
1078 452 793
1079 983 80
1080 543 611
1081 270 720
1082 940 199
1083 266 847
1084 401 346
1085 876 401
1086 704 811
1087 41 687
1088 1088 691
1089 1181 420
1090 666 174
1091 216 28
1092 1037 555
1093 58 896
1094 740 578
1095 220 229
1096 535 1176
1097 55 1103
1098 30 269
1099 1082 1047
1100 271 641
1101 244 246
1102 59 133
1103 861 925
1104 332 52
1105 784 321
1106 68 985
1107 826 1111
1108 182 612
1109 637 329
1110 717 656
1111 1098 486
1112 1197 385
1113 652 506
1114 472 282
1115 138 145
1116 141 967
1117 163 14
1118 533 399
1119 1063 859
1120 1100 59
1121 895 710
1122 354 407