6257
0 749 931
1 1889 1744
2 832 405
3 1274 290
4 529 809
5 1803 1049
6 419 952
7 686 1709
8 1315 542
9 1008 183
10 1854 1972
11 440 218
12 1933 164
13 965 1338
14 1208 1558
15 1246 963
16 1729 1546
17 1578 146
18 1889 411
19 1066 1659
20 210 600
21 1458 1438
22 1917 1597
23 503 1718
24 1649 1463
25 145 1696
26 353 326
27 1451 846
28 1626 1251
29 1031 199
30 1552 105
31 1612 9
32 264 740
33 1788 1793
34 1263 336
35 986 327
36 184 831
37 1464 1406
38 752 475
39 651 77
40 840 560
41 1613 1572
42 465 1513
43 436 1567
44 1307 6
45 878 1674
46 195 1858
47 36 869
48 131 1003
49 190 1196
50 131 1226
51 736 1441
52 479 693
53 960 486
54 270 192
55 1763 1947
56 1003 82
57 256 775
58 856 187
59 915 1405
60 1473 1256
61 1697 223
62 953 1200
63 188 734
64 1358 551
65 1193 299
66 1798 1384
67 196 1746
68 1081 1668
69 276 227
70 1215 1512
71 75 61
72 243 263
73 36 1817
74 1195 1640
75 297 823
76 1971 297
77 1827 1832
78 1296 214
79 1822 1427
80 679 610
81 422 996
82 618 68
83 150 1688
84 1535 1907
85 433 397
86 1053 1172
87 1787 1955
88 1701 984
89 236 1444
90 1398 497
91 1886 1208
92 616 561
93 753 552
94 1292 873
95 1086 1433
96 989 1870
97 1526 1386
98 1349 1446
99 817 455
100 1678 596
101 762 1146
102 636 336
103 1772 1637
104 1745 736
105 277 350
106 340 326
107 1843 542
108 1483 1145
109 1831 1676
110 1437 1699
111 458 1584
112 941 1965
113 248 22
114 1408 385
115 1760 1715
116 1520 1717
117 1546 112
118 1950 1953
119 1509 1125
120 318 1569
121 800 795
122 685 1480
123 1715 437
124 275 1999
125 760 1578
126 735 1777
127 865 1078
128 720 280
129 440 741
130 700 611
131 1978 276
132 1063 858
133 1844 181
134 56 1087
135 379 1960
136 1111 839
137 259 862
138 565 474
139 275 24
140 1909 313
141 1841 1190
142 965 53
143 1982 160
144 531 802
145 59 1818
146 1625 1528
147 836 1451
148 90 27
149 18 1641
150 1775 1464
151 708 1455
152 158 943
153 945 1373
154 93 716
155 885 1478
156 1038 93
157 611 1378
158 1117 1386
159 1547 1796
160 1135 1113
161 346 245
162 1608 447
163 4 545
164 1355 419
165 330 727
166 1898 1124
167 735 597
168 1997 944
169 642 1326
170 1699 1651
171 1488 971
172 1744 1108
173 1471 754
174 1018 1272
175 538 31
176 1292 1679
177 214 1331
178 1435 815
179 1011 378
180 9 601
181 316 1631
182 944 1795
183 1511 1214
184 1875 1683
185 713 109
186 372 1508
187 1152 31
188 466 634
189 1872 717
190 1493 1880
191 225 1921
192 1064 1996
193 234 1806
194 625 118
195 985 1725
196 281 1113
197 1647 1341
198 774 1369
199 1000 592
200 858 408
201 1053 45
202 831 19
203 400 229
204 1915 539
205 298 1595
206 1290 1555
207 1045 940
208 1098 324
209 937 263
210 1509 1233
211 1674 1965
212 444 699
213 1268 1106
214 549 665
215 58 1572
216 1784 498
217 1868 361
218 1307 1481
219 1036 1229
220 1482 124
221 549 556
222 1571 1524
223 1064 1545
224 785 300
225 1108 1196
226 138 761
227 131 1535
228 64 19
229 356 1158
230 1948 1026
231 326 1765
232 1759 645
233 1999 884
234 480 580
235 1829 1515
236 1861 1032
237 1316 1778
238 1460 1100
239 1656 1311
240 1955 664
241 1641 1067
242 1250 404
243 316 1173
244 715 1942
245 1820 1624
246 1084 694
247 288 1846
248 1167 853
249 307 1792
250 1430 1447
251 667 1005
252 1793 661
253 996 782
254 99 335
255 1428 815
256 490 1509
257 1380 201
258 544 646
259 720 1278
260 1704 451
261 410 1503
262 829 255
263 826 1058
264 1684 1253
265 832 1778
266 1371 1696
267 1346 1330
268 522 115
269 1833 1251
270 1131 1199
271 1377 251
272 1322 635
273 1900 657
274 1562 772
275 1117 1483
276 1729 1687
277 1492 1079
278 1583 852
279 1467 1101
280 4 1663
281 599 343
282 1326 107
283 893 386
284 820 953
285 59 1379
286 1966 990
287 1807 1772
288 477 1368
289 1743 1708
290 205 585
291 1141 789
292 355 727
293 1050 1475
294 1164 216
295 1812 1685
296 1613 783
297 1837 238
298 1810 1995
299 160 370
300 1174 622
301 1087 75
302 470 1403
303 103 303
304 1517 960
305 906 998
306 952 118
307 86 1581
308 1093 489
309 1012 1491
310 722 113
311 632 126
312 1785 1073
313 470 1905
314 653 1745
315 825 794
316 977 647
317 226 747
318 1159 1824
319 392 1825
320 1978 1857
321 1386 1862
322 1825 1074
323 256 1633
324 280 1153
325 22 1296
326 1078 1553
327 875 325
328 1672 142
329 240 369
330 1796 1562
331 1909 278
332 1462 532
333 439 351
334 1827 370
335 1556 1688
336 1304 391
337 1034 596
338 6 603
339 571 493
340 632 653
341 1707 1022
342 1317 1181
343 1794 496
344 100 565
345 1194 1150
346 221 499
347 386 1756
348 1728 1295
349 1466 1775
350 582 287
351 707 1621
352 1231 275
353 1517 1383
354 873 510
355 1322 1745
356 752 1089
357 1819 599
358 921 717
359 63 1558
360 1792 511
361 370 1221
362 1869 1732
363 104 17
364 1439 1715
365 1198 814
366 911 6
367 764 1059
368 393 1710
369 1605 22
370 1089 1420
371 59 1184
372 1990 1566
373 1118 79
374 1471 1014
375 266 853
376 1296 1939
377 98 1725
378 616 1063
379 1595 386
380 587 541
381 296 1128
382 1346 1253
383 1623 1198
384 1460 887
385 262 375
386 1791 299
387 674 72
388 1392 660
389 242 1399
390 1734 1336
391 33 1237
392 1089 57
393 668 1486
394 1998 1564
395 633 1009
396 94 690
397 658 1369
398 253 67
399 775 407
400 845 841
401 250 1863
402 1839 1280
403 740 1806
404 376 759
405 1363 1723
406 799 571
407 229 500
408 604 430
409 9 1211
410 1754 1709
411 1800 1044
412 1329 1412
413 264 1872
414 78 1444
415 1651 454
416 438 1579
417 790 830
418 1073 1374
419 914 872
420 1442 1225
421 60 575
422 1770 500
423 189 768
424 681 378
425 903 1732
426 1693 785
427 1354 244
428 822 1910
429 1762 1623
430 1713 289
431 1234 1490
432 702 1058
433 1442 1653
434 26 1876
435 422 1687
436 1881 963
437 990 1959
438 247 1467
439 1638 1275
440 1508 1849
441 1399 1640
442 1549 1760
443 1352 1498
444 790 1189
445 815 367
446 1326 1701
447 134 1567
448 1096 427
449 1188 1193
450 1987 105
451 1734 575
452 1879 266
453 553 244
454 446 382
455 1518 1582
456 1626 151
457 1421 82
458 1751 1782
459 1092 1361
460 1896 1049
461 1378 687
462 1568 1281
463 834 338
464 354 96
465 542 1589
466 1761 610
467 1719 1567
468 184 989
469 213 1225
470 90 586
471 231 1720
472 392 41
473 1117 63
474 1478 1391
475 412 1954
476 1741 1443
477 1023 1603
478 1008 645
479 386 470
480 1141 1372
481 1292 1289
482 1080 30
483 640 397
484 1929 1892
485 264 345
486 499 1696
487 1731 581
488 1053 1179
489 124 562
490 1630 662
491 1843 1613
492 610 1357
493 1937 610
494 381 1721
495 465 902
496 1366 1455
497 373 1940
498 1550 1797
499 1131 1716
500 850 1666
501 1577 1308
502 719 1135
503 1613 97
504 1002 1101
505 1664 848
506 1415 570
507 860 974
508 1999 1886
509 1241 1776
510 725 1137
511 1229 352
512 1065 1680
513 775 0
514 1979 248
515 792 1726
516 25 259
517 1414 1886
518 1000 681
519 1286 983
520 565 1243
521 180 449
522 252 1439
523 748 756
524 1933 285
525 1474 1608
526 1019 260
527 1186 1600
528 1690 1384
529 759 1752
530 953 175
531 1284 1871
532 798 1499
533 1232 1363
534 448 860
535 1160 550
536 869 758
537 755 1998
538 1624 13
539 1621 204
540 744 1366
541 1571 1121
542 1761 794
543 73 290
544 472 1438
545 379 1278
546 1347 1940
547 266 1342
548 1593 1919
549 104 193
550 633 1883
551 620 939
552 84 903
553 1203 1055
554 1175 1448
555 1849 571
556 787 1747
557 1135 1092
558 1453 460
559 978 1708
560 1345 1417
561 570 870
562 1418 1147
563 39 1050
564 1964 399
565 1966 1721
566 1483 519
567 489 815
568 1164 1444
569 1555 1089
570 670 1706
571 390 1385
572 405 1948
573 1786 848
574 1768 1751
575 841 1307
576 1892 1568
577 1049 705
578 1785 1008
579 578 632
580 88 1541
581 1922 992
582 1182 1847
583 1159 514
584 917 1202
585 1922 1904
586 1600 1225
587 1047 1736
588 1695 838
589 1350 1756
590 1979 1193
591 244 386
592 1671 137
593 79 344
594 811 809
595 142 326
596 973 1350
597 1906 605
598 285 152
599 1530 312
600 446 1709
601 1047 355
602 1851 276
603 383 1536
604 1739 1128
605 711 1173
606 677 1543
607 552 792
608 1639 939
609 1868 1619
610 1501 1150
611 1081 903
612 1943 1199
613 1218 481
614 1267 492
615 764 1900
616 91 5
617 1653 1860
618 1331 809
619 191 1862
620 257 624
621 89 1732
622 1889 1772
623 1260 1471
624 929 421
625 478 1024
626 1465 1106
627 1815 1651
628 797 1252
629 571 291
630 815 1322
631 76 934
632 1750 655
633 1312 597
634 1071 1320
635 1670 198
636 17 984
637 1567 1802
638 1450 221
639 1800 1130
640 176 188
641 66 346
642 384 137
643 640 1222
644 201 1854
645 1618 1077
646 1407 1553
647 1325 672
648 1367 786
649 1765 1993
650 630 1002
651 1623 1825
652 1334 371
653 719 1142
654 1479 1723
655 506 1341
656 1408 435
657 1645 679
658 876 1965
659 214 1097
660 1181 212
661 1563 201
662 1653 1601
663 266 1660
664 69 1086
665 456 200
666 66 1972
667 1601 1920
668 904 1727
669 1481 46
670 1372 1480
671 681 664
672 1270 972
673 873 798
674 109 813
675 1950 1705
676 1450 176
677 300 529
678 875 1432
679 1190 200
680 1241 748
681 1237 1380
682 374 1975
683 1174 929
684 1736 600
685 405 1331
686 1419 1931
687 372 1305
688 1351 1492
689 731 1430
690 1014 1031
691 648 910
692 491 697
693 1710 626
694 1812 585
695 1980 1720
696 529 1865
697 734 1360
698 74 1568
699 1031 1088
700 642 1713
701 1123 920
702 306 49
703 277 723
704 1944 904
705 1555 773
706 101 1868
707 938 694
708 1327 1316
709 951 556
710 961 1496
711 1045 1766
712 237 1440
713 1252 1306
714 729 306
715 240 4
716 1637 1854
717 1272 1827
718 696 1468
719 800 1990
720 1455 109
721 1248 315
722 1364 387
723 850 879
724 1651 1685
725 585 614
726 1229 1959
727 948 1211
728 752 1110
729 1039 512
730 1099 800
731 1939 1290
732 113 969
733 1130 907
734 1195 751
735 1201 705
736 1826 447
737 1432 113
738 1180 477
739 1532 1235
740 715 1459
741 1991 1477
742 675 781
743 1579 981
744 1968 1910
745 690 556
746 135 554
747 461 476
748 1096 571
749 1537 1545
750 1393 1910
751 721 667
752 740 1728
753 142 1705
754 936 517
755 483 460
756 76 1538
757 652 792
758 1074 1892
759 889 862
760 1048 36
761 882 1676
762 759 45
763 667 144
764 943 1480
765 949 635
766 1049 240
767 1824 335
768 1682 957
769 412 778
770 403 1264
771 457 1014
772 1203 980
773 2 1729
774 1238 1410
775 1174 1704
776 914 635
777 1918 1402
778 1275 1912
779 1018 319
780 1941 128
781 1116 1308
782 193 861
783 299 1409
784 618 1444
785 1252 625
786 71 168
787 1522 1589
788 1106 535
789 1470 452
790 479 884
791 1876 712
792 1552 1929
793 818 1185
794 815 178
795 903 1861
796 398 1260
797 1280 761
798 1320 949
799 1544 628
800 908 179
801 125 1331
802 136 1490
803 1091 1215
804 1980 1602
805 168 832
806 853 820
807 830 190
808 1022 1102
809 762 865
810 624 1197
811 1379 1049
812 287 919
813 816 443
814 1956 426
815 1379 1178
816 781 481
817 11 402
818 1732 1195
819 1972 659
820 1467 72
821 1264 742
822 1200 1767
823 426 1966
824 667 135
825 704 258
826 1863 1221
827 1947 1296
828 109 318
829 955 358
830 193 1986
831 42 369
832 930 253
833 798 692
834 1601 920
835 239 1050
836 730 1642
837 1005 270
838 763 1456
839 1187 1696
840 288 991
841 272 1567
842 1248 322
843 358 1788
844 125 892
845 860 1518
846 783 573
847 385 1051
848 562 1262
849 1652 1949
850 1895 233
851 35 1650
852 1780 512
853 94 1935
854 1409 346
855 788 1469
856 869 218
857 1801 1668
858 1381 269
859 989 1452
860 381 1642
861 1964 1150
862 936 919
863 260 1613
864 940 1715
865 395 170
866 1932 159
867 109 888
868 759 1409
869 267 458
870 1224 1236
871 1239 1477
872 342 1783
873 1446 1031
874 1377 895
875 793 1650
876 379 1707
877 805 412
878 509 242
879 1132 1288
880 1660 1189
881 979 57
882 1178 1977
883 397 761
884 1223 383
885 1151 591
886 1652 1424
887 1065 1106
888 238 439
889 975 1669
890 819 1540
891 1972 41
892 804 1862
893 1020 508
894 1057 231
895 1938 196
896 950 1451
897 1542 194
898 1858 1419
899 1972 846
900 1736 1203
901 1828 1291
902 1558 1897
903 1774 1029
904 267 435
905 57 532
906 1986 1719
907 340 1143
908 1990 815
909 1430 989
910 228 216
911 189 815
912 1874 1835
913 114 267
914 1814 654
915 112 550
916 1249 1637
917 1853 411
918 318 1048
919 782 1351
920 1293 32
921 462 1156
922 1455 1290
923 1889 1128
924 18 426
925 1506 17
926 249 388
927 564 302
928 1708 275
929 319 503
930 151 676
931 240 955
932 139 677
933 353 1818
934 699 1863
935 383 984
936 366 535
937 1669 1469
938 227 534
939 1307 1764
940 926 1298
941 1285 1587
942 398 804
943 285 52
944 186 39
945 155 689
946 483 648
947 1366 1918
948 21 1214
949 886 871
950 1876 541
951 1390 600
952 1314 381
953 665 469
954 1244 1085
955 1307 497
956 1085 1797
957 108 891
958 575 300
959 1386 621
960 328 1300
961 107 1605
962 1840 233
963 1649 519
964 1960 670
965 1760 1420
966 1666 376
967 91 1094
968 95 1379
969 803 525
970 1683 610
971 403 1590
972 1490 1319
973 1127 515
974 1473 1560
975 338 1214
976 974 678
977 1426 1730
978 1979 267
979 1406 1522
980 43 1843
981 795 1346
982 443 755
983 933 1719
984 1638 201
985 203 1695
986 1342 1299
987 1780 1657
988 1198 1035
989 944 43
990 124 20
991 1780 1707
992 1152 1038
993 1760 1971
994 1027 1208
995 1062 1750
996 1942 461
997 1835 1117
998 47 1544
999 1228 103
1000 1265 652
1001 744 673
1002 780 1455
1003 1422 1330
1004 1918 240
1005 392 1436
1006 620 1539
1007 1834 1125
1008 185 769
1009 1391 1117
1010 804 1251
1011 1388 1681
1012 45 620
1013 935 268
1014 610 304
1015 130 1740
1016 1010 582
1017 1304 1237
1018 1412 1239
1019 364 1806
1020 499 633
1021 675 1565
1022 437 1510
1023 30 1943
1024 799 760
1025 793 1570
1026 1014 21
1027 35 1126
1028 1508 1060
1029 1496 1201
1030 579 896
1031 944 1909
1032 1061 1883
1033 235 1371
1034 511 394
1035 351 859
1036 624 1732
1037 1647 702
1038 1598 437
1039 391 1122
1040 1682 420
1041 1236 1671
1042 1315 1642
1043 1768 799
1044 882 1704
1045 1322 764
1046 1452 473
1047 1272 1413
1048 1031 1799
1049 1400 662
1050 437 369
1051 1363 1901
1052 12 719
1053 770 150
1054 1423 24
1055 576 239
1056 744 1812
1057 1167 1428
1058 245 766
1059 199 1120
1060 169 1156
1061 1481 1605
1062 559 636
1063 1811 313
1064 1006 1151
1065 1958 802
1066 148 74
1067 612 1240
1068 426 1937
1069 1393 991
1070 355 60
1071 731 230
1072 1014 1590
1073 69 340
1074 1418 1006
1075 1436 1834
1076 1354 1375
1077 540 909
1078 804 874
1079 1118 964
1080 1142 1020
1081 64 1574
1082 1992 635
1083 1726 261
1084 1989 1479
1085 918 1452
1086 1446 231
1087 1479 692
1088 510 616
1089 1553 487
1090 188 1716
1091 1268 1144
1092 247 1277
1093 1953 775
1094 669 998
1095 1296 777
1096 1807 1817
1097 226 994
1098 486 1570
1099 1324 1590
1100 1431 1254
1101 350 1286
1102 1928 359
1103 558 1721
1104 1048 1500
1105 1014 1941
1106 1585 223
1107 559 174
1108 470 1090
1109 418 984
1110 1170 10
1111 1230 1533
1112 1757 174
1113 1946 422
1114 642 195
1115 902 1603
1116 786 890
1117 1838 1255
1118 1018 1921
1119 81 341
1120 828 1229
1121 1602 853
1122 204 193
1123 1454 704
1124 1 589
1125 1712 1102
1126 518 553
1127 226 924
1128 38 921
1129 1836 441
1130 199 1452
1131 1340 1115
1132 821 487
1133 348 1627
1134 1238 540
1135 645 206
1136 529 794
1137 515 455
1138 1515 1301
1139 1672 771
1140 118 1661
1141 232 1243
1142 63 316
1143 1200 29
1144 578 83
1145 724 1661
1146 742 1655
1147 1728 1622
1148 272 759
1149 1173 31
1150 74 777
1151 618 5
1152 613 1457
1153 1088 1564
1154 1923 64
1155 1774 59
1156 1591 1186
1157 1842 1924
1158 771 1271
1159 1078 47
1160 475 1801
1161 786 815
1162 353 1657
1163 1556 1247
1164 1209 124
1165 108 620
1166 1536 381
1167 859 803
1168 992 698
1169 1801 1311
1170 219 684
1171 1931 1123
1172 1494 1852
1173 1663 942
1174 710 1706
1175 662 1119
1176 828 1308
1177 833 1373
1178 971 1954
1179 1160 575
1180 285 284
1181 1668 726
1182 692 969
1183 1916 1033
1184 1744 1772
1185 557 25
1186 451 641
1187 368 208
1188 93 141
1189 1910 1477
1190 785 1127
1191 642 1882
1192 560 1491
1193 1449 366
1194 117 1388
1195 1196 637
1196 1435 328
1197 523 899
1198 221 862
1199 677 1970
1200 1293 1512
1201 286 1546
1202 1589 888
1203 1932 259
1204 1467 1267
1205 1696 860
1206 1757 1735
1207 511 1928
1208 1218 891
1209 980 1235
1210 1865 1525
1211 750 769
1212 1576 586
1213 820 524
1214 547 1873
1215 1640 1863
1216 805 58
1217 293 449
1218 1090 1488
1219 1043 429
1220 535 589
1221 1290 1231
1222 1997 1100
1223 1930 14
1224 149 1097
1225 952 678
1226 1077 962
1227 571 300
1228 821 538
1229 1804 637
1230 771 905
1231 73 1384
1232 1228 527
1233 391 1887
1234 1931 164
1235 862 287
1236 977 1877
1237 121 864
1238 1013 1587
1239 1025 835
1240 652 484
1241 598 1089
1242 9 89
1243 1746 100
1244 1241 1489
1245 965 680
1246 1781 784
1247 747 1206
1248 743 1332
1249 1672 121
1250 1016 1646
1251 131 1046
1252 1128 1040
1253 26 478
1254 709 1681
1255 1116 710
1256 1403 1105
1257 1311 891
1258 64 1018
1259 1186 1254
1260 1113 1223
1261 669 1037
1262 916 1616
1263 1446 1823
1264 1699 1682
1265 1167 1233
1266 255 425
1267 71 1098
1268 46 476
1269 861 872
1270 49 1598
1271 1654 934
1272 950 770
1273 467 531
1274 931 679
1275 1188 1362
1276 803 1774
1277 816 1365
1278 774 327
1279 63 1098
1280 1010 1295
1281 1056 1634
1282 1569 1887
1283 513 910
1284 660 1162
1285 307 1294
1286 1388 1804
1287 887 890
1288 1684 490
1289 82 1977
1290 1247 962
1291 1016 483
1292 813 1389
1293 659 961
1294 337 319
1295 923 192
1296 1047 73
1297 366 1844
1298 996 16
1299 1449 640
1300 1177 1640
1301 1951 145
1302 1958 166
1303 297 207
1304 867 1789
1305 1666 359
1306 1746 30
1307 419 1417
1308 1199 1957
1309 1843 284
1310 1063 1573
1311 1357 1825
1312 835 1264
1313 1855 525
1314 1290 27
1315 943 1331
1316 1584 697
1317 802 1278
1318 246 104
1319 1643 1699
1320 511 192
1321 1263 1204
1322 1474 193
1323 1915 489
1324 1456 510
1325 528 353
1326 1252 1563
1327 1268 386
1328 907 1180
1329 593 1449
1330 1502 1266
1331 1945 1988
1332 596 112
1333 1916 1507
1334 532 819
1335 1264 1705
1336 1734 259
1337 1535 1545
1338 1377 21
1339 1185 1201
1340 1025 109
1341 1250 533
1342 1737 1744
1343 1882 1414
1344 897 1980
1345 1983 1949
1346 1633 993
1347 1669 153
1348 1893 1670
1349 836 368
1350 1229 187
1351 5 1967
1352 1533 1625
1353 1919 107
1354 1615 177
1355 1616 484
1356 259 1301
1357 1382 1340
1358 124 1632
1359 244 1925
1360 1243 416
1361 411 1420
1362 687 105
1363 356 1715
1364 799 380
1365 246 1564
1366 1798 1369
1367 218 863
1368 167 1262
1369 1084 1384
1370 814 510
1371 1826 789
1372 730 1524
1373 1994 1770
1374 626 576
1375 1671 1006
1376 253 1741
1377 1688 1817
1378 491 1752
1379 1278 109
1380 1766 1904
1381 574 1482
1382 1814 272
1383 1075 78
1384 59 1098
1385 1835 410
1386 1556 483
1387 1911 1835
1388 1724 1805
1389 935 1532
1390 1264 479
1391 1230 1624
1392 1535 1256
1393 1497 115
1394 1129 1979
1395 227 1983
1396 1621 1617
1397 403 1543
1398 832 1521
1399 989 1218
1400 471 1915
1401 1325 1520
1402 550 1021
1403 1081 974
1404 562 324
1405 1585 1913
1406 95 481
1407 998 1510
1408 830 1880
1409 147 187
1410 1074 894
1411 1596 865
1412 1214 1673
1413 1351 894
1414 94 941
1415 1355 1798
1416 572 1895
1417 1859 718
1418 108 1233
1419 1138 3
1420 1685 449
1421 1879 339
1422 349 1874
1423 1518 1368
1424 991 476
1425 1884 1642
1426 1289 196
1427 1810 1311
1428 1784 1067
1429 322 317
1430 1493 496
1431 1923 1226
1432 1015 253
1433 1172 446
1434 808 1983
1435 1238 810
1436 1481 806
1437 114 186
1438 1927 1589
1439 263 534
1440 704 788
1441 17 142
1442 1443 394
1443 312 1850
1444 1037 149
1445 1065 428
1446 609 989
1447 791 1347
1448 1589 645
1449 584 126
1450 405 1403
1451 1761 925
1452 1500 1683
1453 1032 1791
1454 121 1190
1455 872 1110
1456 1231 1415
1457 1581 1109
1458 504 485
1459 1036 796
1460 1782 1800
1461 1061 1013
1462 976 245
1463 226 245
1464 777 1071
1465 1091 1645
1466 873 234
1467 1959 64
1468 1467 885
1469 636 1647
1470 1208 457
1471 1094 285
1472 1355 1060
1473 477 1800
1474 1208 70
1475 89 996
1476 143 1438
1477 1394 875
1478 20 1440
1479 1041 980
1480 1205 1900
1481 1000 701
1482 1347 1047
1483 1637 1080
1484 1405 268
1485 1708 0
1486 1614 1945
1487 38 1896
1488 1711 610
1489 240 1596
1490 1491 1155
1491 1929 1120
1492 932 808
1493 1985 1589
1494 716 506
1495 796 1488
1496 1233 1437
1497 737 387
1498 412 558
1499 578 552
1500 356 1019
1501 1870 226
1502 901 1226
1503 1333 1118
1504 519 667
1505 29 863
1506 116 1072
1507 758 336
1508 1648 1720
1509 1295 1605
1510 1101 1112
1511 256 496
1512 35 66
1513 1406 736
1514 1094 1830
1515 633 1222
1516 513 1185
1517 1553 391
1518 1388 105
1519 1436 390
1520 1007 1879
1521 1305 1771
1522 988 1299
1523 1696 1342
1524 1389 1521
1525 1228 1378
1526 1519 1763
1527 1944 473
1528 1439 1828
1529 1001 1181
1530 335 580
1531 1972 365
1532 210 637
1533 179 834
1534 682 1769
1535 462 1812
1536 980 1748
1537 1123 1888
1538 1380 445
1539 1011 1211
1540 1550 1429
1541 1481 1387
1542 1804 838
1543 1062 1091
1544 554 85
1545 1825 239
1546 1786 699
1547 1869 1871
1548 188 544
1549 989 1803
1550 1870 1888
1551 314 1074
1552 804 1472
1553 658 1650
1554 1572 802
1555 420 1178
1556 1261 1546
1557 1738 1309
1558 303 1159
1559 762 315
1560 180 1693
1561 826 519
1562 1125 427
1563 1938 384
1564 1342 261
1565 1361 319
1566 1387 1184
1567 1077 32
1568 1155 1113
1569 1306 357
1570 1869 1748
1571 191 1200
1572 306 1874
1573 440 603
1574 1063 1947
1575 454 1082
1576 983 1308
1577 686 1346
1578 1007 512
1579 756 51
1580 1634 1568
1581 1653 681
1582 1672 291
1583 1106 78
1584 1559 1853
1585 541 1238
1586 152 1313
1587 1507 1880
1588 361 1143
1589 1243 1413
1590 1573 310
1591 1229 758
1592 1505 173
1593 291 421
1594 220 657
1595 1635 873
1596 1773 686
1597 1601 1390
1598 1827 331
1599 1206 245
1600 490 1207
1601 677 1760
1602 736 1300
1603 141 1359
1604 630 1078
1605 783 1783
1606 18 709
1607 1698 1378
1608 1075 278
1609 1545 1581
1610 472 969
1611 1287 1611
1612 166 1320
1613 293 680
1614 144 854
1615 255 664
1616 1669 1347
1617 927 314
1618 1532 63
1619 1432 77
1620 1765 909
1621 675 59
1622 1923 688
1623 1710 316
1624 484 1932
1625 865 590
1626 730 322
1627 1475 1414
1628 1850 1961
1629 1820 1074
1630 1633 1917
1631 688 1627
1632 1713 815
1633 351 856
1634 1239 465
1635 916 1287
1636 1627 1768
1637 765 1628
1638 1507 716
1639 1192 1477
1640 1389 1407
1641 1710 1746
1642 1395 1673
1643 646 478
1644 894 257
1645 1134 1452
1646 1928 1069
1647 213 1216
1648 1053 1807
1649 1701 1062
1650 231 333
1651 1277 69
1652 737 1700
1653 567 758
1654 895 1895
1655 515 1994
1656 1654 503
1657 1415 1943
1658 400 301
1659 1683 121
1660 187 1201
1661 1923 1326
1662 1649 949
1663 218 1840
1664 1334 1629
1665 436 603
1666 1176 1655
1667 637 1000
1668 482 1864
1669 1953 332
1670 280 1019
1671 1618 882
1672 1248 81
1673 1571 1669
1674 126 1945
1675 720 1926
1676 1210 1141
1677 958 1774
1678 75 271
1679 1258 1803
1680 1899 1583
1681 1314 1989
1682 1534 1102
1683 315 230
1684 576 1298
1685 390 1282
1686 1927 1743
1687 556 1050
1688 1386 1886
1689 489 885
1690 1285 415
1691 401 1157
1692 568 941
1693 1254 800
1694 1171 2
1695 930 1693
1696 1289 536
1697 1061 1343
1698 849 1542
1699 806 1545
1700 772 1363
1701 1423 728
1702 1549 576
1703 561 947
1704 1408 1123
1705 519 1954
1706 802 322
1707 1859 0
1708 1658 1045
1709 1813 180
1710 1975 724
1711 1806 386
1712 737 843
1713 618 442
1714 1922 74
1715 1218 1718
1716 484 1410
1717 1866 1810
1718 1481 236
1719 238 1383
1720 1212 386
1721 473 278
1722 1850 876
1723 1501 244
1724 578 390
1725 288 1241
1726 423 280
1727 738 705
1728 676 1847
1729 478 554
1730 726 1816
1731 1898 900
1732 1850 1331
1733 913 1037
1734 326 1909
1735 71 912
1736 1202 1542
1737 763 701
1738 1203 1393
1739 805 1725
1740 890 1073
1741 1688 163
1742 91 773
1743 1131 505
1744 1452 862
1745 612 760
1746 1024 1509
1747 473 532
1748 1484 1896
1749 1969 879
1750 1668 1867
1751 1904 114
1752 198 1020
1753 998 869
1754 1130 635
1755 1420 917
1756 1944 113
1757 1804 1588
1758 426 747
1759 319 1108
1760 1709 1518
1761 1878 1898
1762 1772 1249
1763 1273 194
1764 1701 726
1765 1536 1700
1766 1919 142
1767 56 139
1768 1690 1480
1769 1586 143
1770 606 424
1771 1570 1436
1772 1754 1742
1773 764 544
1774 323 715
1775 1536 1175
1776 702 1095
1777 330 34
1778 179 786
1779 1738 924
1780 1833 1305
1781 44 264
1782 835 1014
1783 1933 188
1784 1028 159
1785 719 1164
1786 306 1732
1787 1616 1913
1788 1549 796
1789 1685 1720
1790 56 363
1791 1204 1840
1792 266 1851
1793 413 1195
1794 1196 407
1795 1586 3
1796 361 906
1797 1809 666
1798 803 927
1799 1573 788
1800 915 248
1801 1345 150
1802 759 793
1803 1703 287
1804 443 259
1805 512 1209
1806 667 257
1807 930 1044
1808 1524 1445
1809 1837 41
1810 1835 1814
1811 200 487
1812 1138 1935
1813 950 930
1814 237 1330
1815 1995 1991
1816 1591 605
1817 1865 1097
1818 203 1908
1819 354 1770
1820 1536 1474
1821 787 22
1822 690 1633
1823 931 255
1824 135 1838
1825 550 1362
1826 1870 1392
1827 244 748
1828 1721 1412
1829 1224 1433
1830 414 1601
1831 381 894
1832 460 916
1833 162 233
1834 1421 954
1835 879 203
1836 1373 1680
1837 1274 1641
1838 793 1539
1839 871 430
1840 172 930
1841 421 1004
1842 1006 710
1843 363 1767
1844 1572 1541
1845 590 1996
1846 1718 777
1847 701 1087
1848 938 1225
1849 1065 1515
1850 827 863
1851 1508 318
1852 1006 1387
1853 1647 1402
1854 1360 638
1855 241 190
1856 1187 1731
1857 1893 1338
1858 1014 33
1859 1776 95
1860 120 835
1861 23 266
1862 1314 1318
1863 1178 175
1864 583 1930
1865 1734 1891
1866 1708 612
1867 1492 1661
1868 1190 337
1869 691 1801
1870 1889 355
1871 1106 1078
1872 1397 832
1873 384 505
1874 165 1380
1875 1244 1595
1876 1536 1206
1877 1759 1576
1878 877 1393
1879 1222 719
1880 956 237
1881 854 1308
1882 1115 1273
1883 978 1892
1884 1261 1398
1885 569 1299
1886 1562 1542
1887 187 309
1888 1210 279
1889 576 1945
1890 1839 955
1891 139 9
1892 1110 448
1893 877 492
1894 111 870
1895 292 1564
1896 273 584
1897 1354 1857
1898 1807 601
1899 1367 1268
1900 1597 1509
1901 1380 1946
1902 1447 250
1903 64 404
1904 322 1937
1905 1892 165
1906 1224 1925
1907 1124 1551
1908 279 1554
1909 834 1927
1910 1213 388
1911 713 1525
1912 1818 245
1913 1561 1607
1914 783 180
1915 212 1966
1916 185 1680
1917 1163 920
1918 1926 934
1919 1617 190
1920 485 417
1921 298 1293
1922 784 1134
1923 414 338
1924 1320 654
1925 1162 587
1926 1102 1880
1927 1290 771
1928 619 1459
1929 632 1915
1930 1571 419
1931 1786 1740
1932 1887 1837
1933 1303 1308
1934 1470 1726
1935 1758 1753
1936 1022 992
1937 239 295
1938 124 931
1939 862 902
1940 1399 1720
1941 117 1559
1942 1505 265
1943 517 1132
1944 52 169
1945 1034 1051
1946 1062 1326
1947 1099 1552
1948 1674 427
1949 592 741
1950 458 725
1951 1053 200
1952 327 1584
1953 1153 109
1954 1642 1976
1955 1273 1147
1956 578 1410
1957 226 869
1958 1453 1049
1959 1429 558
1960 1848 1782
1961 401 921
1962 748 1700
1963 1155 1980
1964 1977 381
1965 1869 327
1966 1696 252
1967 1016 272
1968 1104 1763
1969 499 509
1970 1960 887
1971 1634 1358
1972 1775 58
1973 788 1112
1974 1156 1016
1975 936 1967
1976 1926 32
1977 1359 981
1978 1318 110
1979 1073 1495
1980 1323 1076
1981 2 1510
1982 1226 1630
1983 1323 1793
1984 1416 791
1985 1947 441
1986 1354 1515
1987 1266 927
1988 243 565
1989 459 11
1990 1901 66
1991 1023 1007
1992 324 789
1993 1797 379
1994 1804 217
1995 976 1209
1996 1356 932
1997 1811 453
1998 615 131
1999 905 1648
2000 1280 1102
2001 1650 48
2002 1411 444
2003 1602 56
2004 1031 1128
2005 1208 356
2006 552 1315
2007 416 1510
2008 1627 1174
2009 1426 617
2010 1667 3
2011 886 1092
2012 1024 1239
2013 1097 415
2014 766 1277
2015 1890 1439
2016 862 845
2017 1488 1496
2018 1596 1041
2019 526 186
2020 737 1368
2021 817 707
2022 1228 142
2023 477 673
2024 1618 1003
2025 1151 1429
2026 1088 1210
2027 159 366
2028 1582 1848
2029 1027 1690
2030 361 1333
2031 1449 695
2032 1467 1082
2033 100 1897
2034 1543 1017
2035 262 451
2036 1787 430
2037 91 109
2038 126 731
2039 725 269
2040 1650 690
2041 512 1094
2042 1464 487
2043 1048 575
2044 367 579
2045 1564 1973
2046 388 1334
2047 1976 1174
2048 1879 1329
2049 505 581
2050 1174 1136
2051 939 606
2052 985 1024
2053 1904 105
2054 1282 1017
2055 30 1110
2056 1790 1189
2057 811 288
2058 17 1192
2059 1489 1625
2060 223 786
2061 1957 1428
2062 848 238
2063 921 1113
2064 1445 1082
2065 967 1124
2066 1966 1288
2067 603 423
2068 918 254
2069 1705 1843
2070 1788 1701
2071 1169 1072
2072 1313 1493
2073 396 528
2074 1183 1480
2075 1592 1327
2076 954 802
2077 1482 1427
2078 1966 172
2079 1503 1986
2080 1659 976
2081 393 1417
2082 1721 1173
2083 1804 20
2084 963 1682
2085 236 781
2086 1462 916
2087 276 611
2088 1567 643
2089 1140 680
2090 1040 401
2091 1034 658
2092 1555 1428
2093 2 1843
2094 835 75
2095 1257 970
2096 814 168
2097 1756 250
2098 302 1253
2099 569 1871
2100 1098 1858
2101 229 262
2102 723 428
2103 1455 1247
2104 274 1129
2105 1255 1384
2106 259 1044
2107 1573 1157
2108 300 900
2109 1031 301
2110 113 306
2111 1031 792
2112 1883 1990
2113 1249 1844
2114 350 377
2115 303 1295
2116 1248 681
2117 1993 1429
2118 986 694
2119 1492 1148
2120 1079 265
2121 1929 1008
2122 1842 1100
2123 1064 202
2124 1608 624
2125 606 1295
2126 1706 1224
2127 68 113
2128 397 254
2129 1172 496
2130 223 12
2131 1693 1160
2132 1357 215
2133 47 1847
2134 1775 616
2135 206 1252
2136 1156 747
2137 1969 465
2138 1716 1674
2139 180 1387
2140 140 1547
2141 88 1466
2142 364 701
2143 246 73
2144 1640 772
2145 188 417
2146 1874 631
2147 1038 406
2148 207 261
2149 937 735
2150 765 810
2151 1600 1418
2152 833 286
2153 1449 1951
2154 1739 1955
2155 187 1562
2156 1029 832
2157 1181 1354
2158 172 835
2159 1405 168
2160 674 279
2161 859 473
2162 488 1713
2163 806 1504
2164 1259 171
2165 1715 1511
2166 703 484
2167 1779 138
2168 537 1858
2169 1024 1849
2170 411 704
2171 952 1810
2172 562 699
2173 1752 1923
2174 119 1245
2175 1046 43
2176 1839 817
2177 646 1374
2178 1996 1972
2179 1298 768
2180 1256 1359
2181 1327 619
2182 1469 588
2183 497 1379
2184 19 1826
2185 1837 775
2186 1638 1692
2187 1699 436
2188 405 1404
2189 1319 209
2190 882 3
2191 1393 238
2192 1063 85
2193 1533 1300
2194 1258 828
2195 157 13
2196 648 667
2197 379 1613
2198 1456 1528
2199 1101 1083
2200 472 1034
2201 1344 19
2202 893 579
2203 369 55
2204 1318 1504
2205 451 1184
2206 991 436
2207 1130 1868
2208 1127 274
2209 1822 1679
2210 460 1501
2211 1948 1748
2212 154 1531
2213 685 310
2214 196 208
2215 1082 676
2216 1023 1712
2217 1951 111
2218 518 855
2219 1615 611
2220 859 205
2221 997 1467
2222 855 290
2223 756 683
2224 382 1561
2225 1201 532
2226 649 520
2227 917 11
2228 1312 394
2229 638 1182
2230 1388 276
2231 1070 1973
2232 1709 1650
2233 642 836
2234 924 1586
2235 1903 1562
2236 708 344
2237 1228 837
2238 9 1491
2239 419 195
2240 995 538
2241 628 290
2242 1956 1726
2243 1942 928
2244 1037 1719
2245 820 1297
2246 972 1243
2247 876 1265
2248 1564 1335
2249 1588 1477
2250 1760 1303
2251 828 843
2252 1925 309
2253 155 1787
2254 1856 192
2255 810 1577
2256 939 948
2257 1827 307
2258 999 1200
2259 593 874
2260 1067 1058
2261 1721 598
2262 767 1768
2263 1625 289
2264 1304 110
2265 1968 1755
2266 1093 143
2267 771 87
2268 32 379
2269 817 1393
2270 290 49
2271 1418 160
2272 1774 1254
2273 1367 1608
2274 564 1494
2275 190 144
2276 345 1700
2277 653 1685
2278 1783 681
2279 406 1035
2280 1209 864
2281 1673 398
2282 983 657
2283 1961 442
2284 1354 864
2285 1622 683
2286 1367 408
2287 223 296
2288 362 459
2289 1064 1353
2290 779 609
2291 350 594
2292 6 1981
2293 1985 84
2294 1201 1361
2295 1403 99
2296 627 1607
2297 1194 783
2298 198 1110
2299 251 236
2300 1423 795
2301 1296 1679
2302 1924 1453
2303 649 161
2304 406 1949
2305 657 528
2306 935 112
2307 1269 1569
2308 1139 1444
2309 692 1860
2310 1823 796
2311 1629 602
2312 1488 1294
2313 172 48
2314 456 1584
2315 518 1507
2316 808 1337
2317 571 727
2318 447 919
2319 1985 163
2320 623 1666
2321 55 1339
2322 1798 3
2323 639 241
2324 715 1982
2325 1748 1564
2326 327 632
2327 1697 764
2328 148 878
2329 1764 1197
2330 865 1692
2331 1208 330
2332 526 1787
2333 1032 1522
2334 266 439
2335 583 1541
2336 455 1986
2337 1891 715
2338 197 1135
2339 725 170
2340 90 1740
2341 1842 751
2342 681 1280
2343 1836 1366
2344 1813 1612
2345 1881 505
2346 1596 1490
2347 1573 414
2348 50 1543
2349 1344 1849
2350 1584 1416
2351 622 1690
2352 1503 372
2353 1756 117
2354 1763 736
2355 1493 1598
2356 973 802
2357 618 41
2358 1539 1915
2359 319 1939
2360 1257 104
2361 1531 158
2362 608 1353
2363 281 842
2364 1808 396
2365 1122 1861
2366 1477 1678
2367 693 29
2368 729 1640
2369 419 1179
2370 1225 862
2371 1942 234
2372 1993 1009
2373 680 1446
2374 430 514
2375 1926 1793
2376 1104 667
2377 1948 1555
2378 1084 748
2379 1149 568
2380 1124 1465
2381 361 1503
2382 1518 730
2383 1672 1461
2384 151 1257
2385 319 1006
2386 98 130
2387 935 435
2388 1698 797
2389 393 11
2390 788 40
2391 678 1638
2392 69 1906
2393 390 1968
2394 792 244
2395 400 1030
2396 1876 1855
2397 171 693
2398 245 1602
2399 1688 1184
2400 49 1830
2401 494 1310
2402 1534 1980
2403 531 1035
2404 1008 1259
2405 634 1411
2406 322 1220
2407 1826 975
2408 218 1247
2409 465 103
2410 713 1580
2411 980 72
2412 268 519
2413 325 1099
2414 1834 1976
2415 321 216
2416 20 635
2417 1693 1659
2418 1086 1649
2419 648 198
2420 262 1795
2421 1005 1440
2422 104 720
2423 1961 75
2424 1996 246
2425 1362 370
2426 1853 836
2427 140 462
2428 1703 1102
2429 262 1245
2430 672 135
2431 1927 1828
2432 1720 1335
2433 1484 1247
2434 1754 809
2435 23 1100
2436 478 320
2437 408 1722
2438 507 547
2439 79 1617
2440 1153 135
2441 400 1142
2442 1899 188
2443 70 1734
2444 870 498
2445 1669 1490
2446 1435 1382
2447 862 1759
2448 557 671
2449 1727 1100
2450 1690 1694
2451 1849 502
2452 1028 926
2453 1308 344
2454 460 1201
2455 604 1656
2456 1407 190
2457 104 733
2458 488 1212
2459 495 1667
2460 985 1419
2461 1249 1620
2462 662 1979
2463 944 1618
2464 868 589
2465 324 1276
2466 1349 588
2467 1579 767
2468 1079 1992
2469 1549 495
2470 1249 1619
2471 666 787
2472 322 1295
2473 1909 42
2474 1532 1065
2475 1389 287
2476 474 1363
2477 1083 1382
2478 496 649
2479 1636 484
2480 1451 940
2481 810 1681
2482 1008 119
2483 634 411
2484 1109 1604
2485 103 769
2486 710 513
2487 176 650
2488 433 1880
2489 388 841
2490 529 1237
2491 1347 138
2492 517 1124
2493 882 150
2494 997 1897
2495 160 1456
2496 388 1500
2497 1926 498
2498 850 1134
2499 1482 1859
2500 1563 1772
2501 1079 1263
2502 1899 67
2503 977 391
2504 1062 828
2505 938 1068
2506 299 1541
2507 1893 537
2508 1868 802
2509 818 396
2510 751 459
2511 964 1263
2512 1297 1541
2513 998 750
2514 4 1942
2515 1708 741
2516 1344 1003
2517 184 1939
2518 539 1112
2519 1258 703
2520 1156 1109
2521 659 573
2522 1972 101
2523 1805 979
2524 1741 1650
2525 24 1032
2526 790 1721
2527 319 1866
2528 576 371
2529 551 1021
2530 277 1092
2531 1028 1117
2532 444 566
2533 1194 1573
2534 1282 1928
2535 1609 995
2536 1495 62
2537 126 764
2538 1095 653
2539 268 480
2540 1187 109
2541 1325 1032
2542 1202 1461
2543 60 1305
2544 1397 848
2545 234 1838
2546 635 1050
2547 375 1014
2548 816 187
2549 1598 411
2550 499 831
2551 67 634
2552 1383 1805
2553 1597 1694
2554 1382 1064
2555 601 1797
2556 1584 1942
2557 1028 1843
2558 1 1586
2559 1117 979
2560 1360 264
2561 222 853
2562 1880 865
2563 706 184
2564 1820 1019
2565 479 446
2566 903 1370
2567 913 1878
2568 210 310
2569 1876 196
2570 1777 1103
2571 270 1206
2572 1695 1797
2573 999 842
2574 928 533
2575 1144 1492
2576 817 695
2577 1251 990
2578 1178 1298
2579 1209 1607
2580 688 1260
2581 235 211
2582 1532 1563
2583 399 427
2584 1621 1202
2585 53 1134
2586 948 1969
2587 345 901
2588 565 992
2589 1969 1392
2590 1623 1140
2591 1022 624
2592 568 1538
2593 1018 851
2594 588 1621
2595 85 1480
2596 381 1286
2597 1913 356
2598 1607 1941
2599 1823 1069
2600 391 1083
2601 925 929
2602 1897 842
2603 1119 1400
2604 343 1723
2605 90 1892
2606 619 43
2607 720 1337
2608 1690 516
2609 508 498
2610 1125 1605
2611 1447 163
2612 131 1047
2613 1633 238
2614 1343 1563
2615 1300 892
2616 319 80
2617 1604 1404
2618 1096 868
2619 341 1959
2620 564 1408
2621 1669 1581
2622 517 897
2623 379 1203
2624 936 1440
2625 1516 128
2626 1766 1187
2627 1142 601
2628 1056 1246
2629 1930 735
2630 382 1456
2631 1539 1686
2632 721 378
2633 935 884
2634 74 863
2635 1043 1534
2636 1425 827
2637 1439 42
2638 515 942
2639 1014 945
2640 950 336
2641 961 1435
2642 558 1731
2643 1281 53
2644 1211 702
2645 306 38
2646 1697 629
2647 1452 1935
2648 1615 696
2649 320 1140
2650 1385 1667
2651 1521 652
2652 1508 53
2653 854 383
2654 262 650
2655 1579 931
2656 579 370
2657 1184 172
2658 626 1759
2659 1080 810
2660 1069 1190
2661 896 1630
2662 17 902
2663 1310 243
2664 1958 319
2665 694 1382
2666 1135 866
2667 1236 1137
2668 963 1607
2669 334 1072
2670 472 1126
2671 340 1253
2672 533 1358
2673 390 1630
2674 983 637
2675 1154 466
2676 1663 549
2677 1539 710
2678 472 42
2679 344 879
2680 507 731
2681 965 512
2682 453 678
2683 348 1323
2684 988 537
2685 698 781
2686 1123 1805
2687 165 106
2688 888 931
2689 377 1650
2690 1496 1853
2691 1246 464
2692 1960 324
2693 1705 845
2694 178 1628
2695 1024 813
2696 566 1495
2697 1399 1719
2698 1059 997
2699 1514 1906
2700 897 1706
2701 699 944
2702 1574 1155
2703 471 1160
2704 734 1231
2705 1409 754
2706 1915 1932
2707 630 695
2708 957 564
2709 73 1725
2710 972 787
2711 798 504
2712 369 1057
2713 1726 976
2714 1547 860
2715 811 81
2716 1344 677
2717 1249 1562
2718 68 1307
2719 1293 1518
2720 840 219
2721 1942 128
2722 755 215
2723 156 404
2724 752 808
2725 559 1183
2726 179 1085
2727 825 423
2728 978 356
2729 1362 1360
2730 437 1392
2731 799 496
2732 791 1624
2733 337 1782
2734 1883 1943
2735 483 1192
2736 1031 500
2737 442 680
2738 893 1068
2739 1546 1489
2740 1141 1824
2741 1741 329
2742 762 1709
2743 493 928
2744 909 1336
2745 1854 1055
2746 550 870
2747 1145 1341
2748 949 910
2749 30 1792
2750 1732 1102
2751 1426 979
2752 621 268
2753 1099 986
2754 1428 1071
2755 134 1905
2756 1402 1061
2757 1108 1810
2758 1820 1407
2759 1613 590
2760 784 1578
2761 664 220
2762 1200 1478
2763 274 1364
2764 1613 544
2765 1948 295
2766 1379 558
2767 1122 515
2768 118 510
2769 1697 1371
2770 206 1382
2771 256 1403
2772 484 65
2773 1114 626
2774 1783 1642
2775 1656 1643
2776 1071 304
2777 838 489
2778 214 1830
2779 1736 44
2780 1860 953
2781 549 60
2782 1474 1369
2783 643 1271
2784 194 312
2785 1171 1828
2786 1790 1878
2787 1137 1700
2788 1105 366
2789 871 244
2790 782 71
2791 140 1827
2792 8 270
2793 1577 153
2794 686 1310
2795 197 716
2796 167 1548
2797 1346 1855
2798 1749 1672
2799 1135 1438
2800 137 113
2801 798 857
2802 552 226
2803 1023 1969
2804 1554 1740
2805 1762 1169
2806 1610 1174
2807 59 149
2808 1022 1533
2809 541 406
2810 5 797
2811 1699 600
2812 506 739
2813 1484 642
2814 526 681
2815 1612 1455
2816 1734 1789
2817 411 1478
2818 1128 1075
2819 1387 1492
2820 153 1368
2821 1110 1442
2822 1159 489
2823 1921 910
2824 266 1572
2825 333 994
2826 1773 1639
2827 1054 162
2828 1619 1323
2829 78 802
2830 478 1882
2831 381 796
2832 1232 1156
2833 426 1781
2834 1300 942
2835 1528 434
2836 1997 82
2837 1879 210
2838 1155 840
2839 1219 771
2840 1317 1328
2841 430 1545
2842 1399 235
2843 1449 169
2844 1847 1410
2845 248 1126
2846 1654 64
2847 681 1629
2848 967 175
2849 1767 172
2850 412 1975
2851 142 1693
2852 1607 108
2853 931 308
2854 369 1013
2855 894 845
2856 638 113
2857 797 66
2858 1056 1874
2859 1532 1998
2860 1318 1890
2861 747 1448
2862 1292 1419
2863 756 1746
2864 1109 603
2865 1201 50
2866 1977 1880
2867 1245 730
2868 1915 1652
2869 1448 1566
2870 786 1497
2871 1091 1994
2872 660 390
2873 1121 245
2874 1381 1446
2875 552 177
2876 210 1095
2877 1082 1665
2878 477 687
2879 1799 361
2880 1642 376
2881 1272 280
2882 580 1207
2883 646 200
2884 75 1566
2885 1465 1298
2886 1754 49
2887 1147 666
2888 697 1555
2889 1308 1552
2890 1549 1164
2891 418 1902
2892 1918 875
2893 1207 1988
2894 1649 856
2895 21 220
2896 1243 21
2897 1440 1381
2898 1535 254
2899 639 1750
2900 1814 907
2901 1726 498
2902 333 27
2903 968 86
2904 1457 341
2905 1492 347
2906 564 1701
2907 1525 1469
2908 367 1511
2909 201 1951
2910 603 1544
2911 650 1215
2912 1335 131
2913 536 343
2914 1599 1408
2915 866 159
2916 49 1353
2917 1694 1014
2918 390 535
2919 1436 367
2920 1196 583
2921 950 327
2922 283 372
2923 583 1151
2924 1469 775
2925 437 348
2926 969 375
2927 1055 519
2928 1039 1929
2929 1124 986
2930 1569 242
2931 1450 878
2932 774 1654
2933 243 1505
2934 800 1952
2935 280 375
2936 1730 513
2937 251 63
2938 61 979
2939 636 1621
2940 651 130
2941 1954 241
2942 257 180
2943 1062 698
2944 520 1179
2945 123 1111
2946 871 697
2947 1109 864
2948 1888 1175
2949 1468 166
2950 829 102
2951 65 824
2952 111 339
2953 35 1318
2954 532 453
2955 1395 1004
2956 865 389
2957 623 231
2958 1164 1167
2959 1881 658
2960 374 363
2961 1429 1009
2962 1412 965
2963 946 379
2964 1236 92
2965 1782 1313
2966 1365 1851
2967 1737 1753
2968 391 767
2969 872 959
2970 946 1067
2971 1891 130
2972 1324 1514
2973 1532 1121
2974 1022 103
2975 1988 1349
2976 690 1864
2977 1454 875
2978 1781 1897
2979 1750 1714
2980 516 181
2981 1150 1040
2982 889 1985
2983 1622 1482
2984 228 1837
2985 1206 1426
2986 1378 1062
2987 1536 1027
2988 636 1626
2989 230 1198
2990 592 736
2991 515 1519
2992 1438 1412
2993 1479 611
2994 462 1269
2995 516 898
2996 1482 1470
2997 649 558
2998 391 988
2999 481 687
3000 1004 19
3001 746 450
3002 1969 1249
3003 1337 1510
3004 514 1768
3005 1233 1825
3006 1133 1057
3007 1238 1865
3008 1733 1613
3009 15 716
3010 1819 105
3011 908 560
3012 187 1609
3013 1672 1869
3014 1287 432
3015 473 231
3016 1931 1449
3017 1977 432
3018 307 1303
3019 1611 178
3020 1491 75
3021 807 1411
3022 1948 1919
3023 219 1845
3024 1233 1813
3025 1786 582
3026 45 1775
3027 1241 1533
3028 132 1091
3029 1495 1112
3030 463 112
3031 340 1348
3032 309 1279
3033 1029 1013
3034 833 503
3035 1166 1875
3036 998 289
3037 1067 559
3038 799 1742
3039 1567 805
3040 571 1195
3041 1151 1928
3042 989 1031
3043 1541 240
3044 195 981
3045 1990 495
3046 1874 1624
3047 1887 1751
3048 217 499
3049 1853 596
3050 846 1670
3051 1744 1744
3052 923 1075
3053 1137 633
3054 1002 1593
3055 1235 1198
3056 65 613
3057 750 59
3058 805 956
3059 1236 1761
3060 1143 189
3061 1596 327
3062 1148 1659
3063 738 274
3064 115 1189
3065 382 1184
3066 1421 506
3067 108 1220
3068 1357 1762
3069 1040 557
3070 1707 731
3071 714 1767
3072 1432 113
3073 114 222
3074 441 247
3075 548 853
3076 947 1124
3077 560 1358
3078 1211 1895
3079 150 1063
3080 1106 408
3081 41 1068
3082 49 922
3083 1288 1717
3084 100 421
3085 1674 1816
3086 751 1402
3087 1067 122
3088 462 384
3089 376 687
3090 796 975
3091 1642 421
3092 493 1546
3093 982 935
3094 624 1051
3095 160 1312
3096 1058 977
3097 1539 1506
3098 1033 1786
3099 1838 1801
3100 841 354
3101 1643 698
3102 736 1765
3103 1828 280
3104 339 1730
3105 1823 1440
3106 779 511
3107 850 1041
3108 575 225
3109 491 1997
3110 39 1885
3111 1800 1402
3112 370 1797
3113 360 1775
3114 1070 1118
3115 136 555
3116 1754 1994
3117 71 1190
3118 1444 1840
3119 90 71
3120 798 464
3121 783 1284
3122 173 1680
3123 1043 239
3124 185 501
3125 622 384
3126 34 1219
3127 849 45
3128 926 1483
3129 1564 1999
3130 1852 532
3131 39 247
3132 407 1181
3133 925 852
3134 621 332
3135 554 956
3136 1150 1032
3137 1922 1204
3138 1082 580
3139 856 1680
3140 16 1935
3141 948 1419
3142 1385 1783
3143 357 478
3144 1281 1604
3145 590 1492
3146 681 1966
3147 894 146
3148 1207 1714
3149 1797 778
3150 208 257
3151 470 807
3152 236 1665
3153 1126 1556
3154 1618 1557
3155 1316 1421
3156 733 341
3157 377 1457
3158 658 357
3159 754 1640
3160 90 1556
3161 1185 8
3162 548 384
3163 996 1581
3164 619 881
3165 1151 547
3166 1080 654
3167 1037 1490
3168 532 1545
3169 1584 1636
3170 413 1166
3171 482 581
3172 1415 1416
3173 1461 1148
3174 602 250
3175 977 1269
3176 1128 1122
3177 119 1697
3178 680 87
3179 11 640
3180 897 431
3181 421 518
3182 1262 1221
3183 100 294
3184 1636 446
3185 1938 328
3186 1392 1715
3187 657 1384
3188 418 1305
3189 209 935
3190 320 1429
3191 80 1385
3192 503 361
3193 947 42
3194 1925 1018
3195 1414 953
3196 1919 469
3197 209 933
3198 1823 271
3199 44 1723
3200 652 553
3201 590 661
3202 261 1843
3203 1528 356
3204 249 1903
3205 1953 449
3206 788 1197
3207 1385 363
3208 958 1177
3209 733 1528
3210 1495 552
3211 1188 221
3212 1579 1700
3213 980 794
3214 890 1610
3215 1915 1543
3216 1794 319
3217 650 1836
3218 1274 1550
3219 1705 1980
3220 679 1138
3221 1506 1271
3222 1967 1560
3223 1581 1957
3224 1742 584
3225 973 1892
3226 958 831
3227 862 159
3228 337 191
3229 496 1899
3230 1305 1727
3231 1190 1633
3232 346 396
3233 499 1682
3234 1852 851
3235 1751 1234
3236 241 223
3237 1780 8
3238 1186 772
3239 1545 325
3240 1131 350
3241 41 1734
3242 326 1569
3243 606 146
3244 1920 125
3245 785 1496
3246 115 1259
3247 655 1366
3248 627 1770
3249 844 104
3250 1387 924
3251 1151 1347
3252 1663 1169
3253 642 817
3254 71 609
3255 1506 1984
3256 1082 1614
3257 889 1885
3258 447 1727
3259 1483 408
3260 923 373
3261 1030 952
3262 1193 364
3263 965 122
3264 939 1847
3265 1970 1209
3266 990 112
3267 972 1379
3268 1220 1839
3269 438 251
3270 123 2
3271 411 1853
3272 908 843
3273 913 659
3274 989 832
3275 1070 1093
3276 1875 106
3277 1889 228
3278 476 1760
3279 1796 1081
3280 542 1286
3281 1114 1563
3282 1482 1556
3283 1612 478
3284 110 1715
3285 605 1626
3286 114 1257
3287 1502 1284
3288 734 813
3289 1233 1676
3290 1298 1928
3291 1630 1028
3292 1584 239
3293 463 1085
3294 1077 1095
3295 1939 553
3296 915 825
3297 1009 418
3298 1125 884
3299 642 823
3300 1610 883
3301 457 404
3302 547 1899
3303 925 589
3304 1201 835
3305 1261 1794
3306 263 1046
3307 1770 6
3308 1401 76
3309 1595 972
3310 445 1652
3311 966 1038
3312 1519 848
3313 243 1649
3314 1290 385
3315 824 1119
3316 1347 124
3317 1034 129
3318 735 1443
3319 1107 608
3320 1567 418
3321 752 1478
3322 1355 1752
3323 279 335
3324 4 676
3325 1349 891
3326 1054 1462
3327 582 1684
3328 385 1410
3329 1828 282
3330 821 1981
3331 1184 642
3332 1781 256
3333 1503 312
3334 1432 637
3335 1 1123
3336 1634 1085
3337 1077 1027
3338 368 240
3339 1471 674
3340 1341 593
3341 144 971
3342 18 334
3343 839 655
3344 112 240
3345 853 1110
3346 1644 1413
3347 1604 1664
3348 641 444
3349 287 1788
3350 672 468
3351 1785 1122
3352 48 1686
3353 1503 804
3354 828 943
3355 933 1085
3356 1859 1065
3357 694 1411
3358 1906 1315
3359 1069 1477
3360 1246 1899
3361 1686 1875
3362 595 529
3363 154 1374
3364 1944 1409
3365 275 123
3366 1064 1161
3367 163 1303
3368 1747 1658
3369 1975 1069
3370 313 445
3371 362 1128
3372 1765 1902
3373 498 1535
3374 1264 605
3375 1457 1486
3376 1856 166
3377 13 1300
3378 549 1834
3379 1307 1975
3380 790 347
3381 645 1062
3382 1572 635
3383 994 570
3384 0 1441
3385 425 984
3386 1472 674
3387 1110 1783
3388 1695 1386
3389 1616 1220
3390 1604 462
3391 1963 1396
3392 487 1137
3393 1748 665
3394 484 897
3395 1923 545
3396 1235 1268
3397 1966 7
3398 17 1015
3399 1561 1036
3400 1128 1411
3401 1152 686
3402 600 1634
3403 752 836
3404 910 110
3405 1817 1921
3406 808 1209
3407 1704 310
3408 1215 1566
3409 909 1035
3410 1894 1445
3411 1675 13
3412 1225 938
3413 1368 354
3414 1184 1697
3415 1158 1303
3416 424 348
3417 1593 1447
3418 1150 1306
3419 1224 1758
3420 1887 877
3421 904 1209
3422 340 1049
3423 1236 1088
3424 62 736
3425 787 310
3426 1685 14
3427 533 690
3428 1011 1327
3429 1544 889
3430 1510 1586
3431 1234 260
3432 1596 332
3433 1591 1436
3434 953 1627
3435 961 1078
3436 905 753
3437 19 274
3438 870 1081
3439 520 1571
3440 1418 1981
3441 1103 1069
3442 1255 274
3443 800 1469
3444 1618 1758
3445 994 841
3446 1070 1305
3447 342 1525
3448 1515 1802
3449 1134 1534
3450 428 1942
3451 1969 582
3452 904 1437
3453 917 1980
3454 141 1528
3455 595 994
3456 1415 1687
3457 1192 1017
3458 44 918
3459 1271 1283
3460 91 537
3461 865 533
3462 295 405
3463 1311 294
3464 51 1369
3465 730 910
3466 1976 1808
3467 852 1240
3468 1853 1382
3469 1927 842
3470 1935 774
3471 470 703
3472 1994 1754
3473 1464 1191
3474 234 1215
3475 78 68
3476 1599 1815
3477 277 856
3478 1277 14
3479 537 1052
3480 883 1692
3481 1743 1562
3482 665 1620
3483 1052 695
3484 974 530
3485 1834 560
3486 1258 259
3487 404 1188
3488 428 1120
3489 993 1839
3490 702 573
3491 836 1701
3492 1006 1089
3493 1380 1505
3494 1026 967
3495 1879 665
3496 665 1277
3497 1204 1334
3498 1983 1619
3499 516 1661
3500 119 637
3501 292 664
3502 816 53
3503 1345 474
3504 1986 830
3505 1138 1530
3506 780 950
3507 1848 716
3508 1926 1086
3509 172 1498
3510 36 1721
3511 1483 548
3512 990 520
3513 795 1327
3514 1931 1215
3515 1175 200
3516 563 1571
3517 1580 615
3518 31 1798
3519 669 1896
3520 1861 243
3521 1095 731
3522 709 1975
3523 510 1312
3524 1306 88
3525 1059 945
3526 39 1963
3527 1948 724
3528 660 1488
3529 1239 735
3530 659 1564
3531 187 512
3532 300 1610
3533 1281 835
3534 300 1419
3535 927 524
3536 1024 117
3537 1334 898
3538 1009 710
3539 142 167
3540 713 1415
3541 455 651
3542 673 551
3543 1672 1086
3544 867 294
3545 1389 1738
3546 937 1087
3547 338 1083
3548 1046 1143
3549 1130 901
3550 1536 257
3551 1456 1344
3552 1599 432
3553 899 1236
3554 706 1963
3555 941 425
3556 1531 276
3557 1613 273
3558 97 866
3559 576 992
3560 1709 556
3561 1658 132
3562 1664 11
3563 736 1201
3564 785 1504
3565 438 1451
3566 34 1810
3567 1806 1788
3568 882 1062
3569 1471 1346
3570 1738 902
3571 296 508
3572 1349 825
3573 236 1122
3574 779 677
3575 1605 1389
3576 1691 665
3577 1283 1463
3578 429 106
3579 1623 159
3580 24 255
3581 1703 772
3582 1922 53
3583 652 1662
3584 1539 1215
3585 161 1887
3586 1381 483
3587 751 1222
3588 1009 1714
3589 1272 901
3590 264 1736
3591 576 1796
3592 1981 1449
3593 631 1904
3594 1209 898
3595 1615 1693
3596 1107 1127
3597 1918 1200
3598 897 1912
3599 844 1475
3600 1963 1244
3601 856 1286
3602 753 1948
3603 1565 66
3604 1054 1465
3605 1017 545
3606 585 118
3607 1180 571
3608 1176 1535
3609 614 1183
3610 925 349
3611 696 917
3612 218 1808
3613 1391 721
3614 1579 1193
3615 1317 958
3616 272 723
3617 1568 1760
3618 32 200
3619 863 1035
3620 833 891
3621 1627 1755
3622 1346 881
3623 876 58
3624 875 1066
3625 1840 1019
3626 1365 1962
3627 1422 1576
3628 183 316
3629 1010 1542
3630 179 217
3631 1116 469
3632 514 1479
3633 1032 1751
3634 553 556
3635 1270 836
3636 1721 1279
3637 514 1966
3638 813 1992
3639 825 749
3640 557 1468
3641 1517 1209
3642 862 34
3643 187 1508
3644 1347 453
3645 927 1578
3646 105 485
3647 309 237
3648 1098 1010
3649 680 1075
3650 379 435
3651 682 1549
3652 359 184
3653 1722 1591
3654 205 1081
3655 1868 1491
3656 613 1149
3657 2 1423
3658 333 233
3659 1528 1664
3660 616 1183
3661 1156 77
3662 421 941
3663 437 879
3664 1153 419
3665 1624 558
3666 1841 1164
3667 1995 1570
3668 158 1068
3669 1317 921
3670 1777 1719
3671 1837 1795
3672 1265 1328
3673 1321 1193
3674 845 57
3675 1190 1947
3676 450 1945
3677 217 638
3678 693 1780
3679 1983 821
3680 268 1791
3681 1948 502
3682 496 847
3683 941 1005
3684 1364 1902
3685 196 157
3686 1599 93
3687 1504 1122
3688 1713 1456
3689 46 1796
3690 1012 1037
3691 1750 595
3692 1189 83
3693 296 1143
3694 999 1895
3695 1497 63
3696 743 600
3697 1278 1508
3698 479 500
3699 1947 1203
3700 139 109
3701 76 313
3702 1476 833
3703 1075 1294
3704 1800 887
3705 229 1897
3706 1040 256
3707 1886 362
3708 991 889
3709 1940 355
3710 1128 1130
3711 1077 545
3712 205 1151
3713 1350 224
3714 340 1268
3715 994 725
3716 1281 1167
3717 1768 134
3718 596 1487
3719 1334 496
3720 1618 1138
3721 1397 506
3722 517 1568
3723 1860 1253
3724 1549 883
3725 1151 733
3726 1407 225
3727 1567 1343
3728 1005 1167
3729 211 744
3730 1766 1126
3731 1702 4
3732 139 194
3733 314 730
3734 941 1003
3735 314 525
3736 1326 748
3737 363 802
3738 738 684
3739 57 414
3740 1249 396
3741 886 1875
3742 865 670
3743 446 514
3744 582 1508
3745 774 1460
3746 436 1738
3747 62 1245
3748 1139 1801
3749 1911 465
3750 462 451
3751 1175 467
3752 1317 502
3753 90 19
3754 222 759
3755 1441 592
3756 1995 890
3757 1563 617
3758 1338 1362
3759 1296 1568
3760 1828 965
3761 465 535
3762 553 668
3763 1555 709
3764 1087 309
3765 748 108
3766 1375 1447
3767 790 448
3768 653 672
3769 1596 1121
3770 1710 131
3771 644 1952
3772 1288 282
3773 306 1858
3774 1900 406
3775 14 1303
3776 785 615
3777 1917 381
3778 386 600
3779 976 407
3780 1478 300
3781 411 349
3782 464 1530
3783 367 435
3784 1579 1392
3785 1760 1519
3786 169 1260
3787 33 1942
3788 1709 232
3789 1091 1912
3790 218 1283
3791 735 687
3792 1139 391
3793 1368 337
3794 586 1806
3795 1487 273
3796 276 1138
3797 1027 484
3798 1198 624
3799 565 1316
3800 1232 1473
3801 1917 1044
3802 964 822
3803 497 10
3804 1224 1103
3805 273 1472
3806 1297 1737
3807 300 857
3808 126 159
3809 1893 355
3810 1625 1221
3811 391 826
3812 401 1619
3813 874 736
3814 19 51
3815 1015 1023
3816 1489 1036
3817 1549 1968
3818 110 1119
3819 1714 894
3820 533 41
3821 893 1256
3822 1239 893
3823 72 563
3824 407 1390
3825 123 1550
3826 346 1855
3827 982 1249
3828 1746 510
3829 586 1228
3830 432 962
3831 1137 957
3832 306 1753
3833 1938 152
3834 1845 557
3835 1774 1631
3836 1746 1334
3837 569 588
3838 652 1486
3839 1050 659
3840 1880 166
3841 867 1244
3842 1594 1919
3843 1187 430
3844 1372 447
3845 229 1312
3846 918 1138
3847 1702 937
3848 1570 767
3849 103 983
3850 1375 1106
3851 421 454
3852 1616 1803
3853 972 405
3854 1596 1895
3855 630 622
3856 1041 368
3857 1554 1693
3858 323 1330
3859 854 475
3860 1891 1358
3861 1645 1345
3862 670 469
3863 722 1710
3864 1487 378
3865 99 1802
3866 705 791
3867 581 961
3868 1622 1410
3869 1154 563
3870 1198 195
3871 1046 974
3872 1930 550
3873 1866 1600
3874 1231 965
3875 452 6
3876 610 781
3877 1172 1149
3878 1393 9
3879 1390 409
3880 1781 349
3881 1291 899
3882 1277 1645
3883 102 1221
3884 188 451
3885 632 696
3886 1266 1679
3887 1570 14
3888 1007 1381
3889 812 1330
3890 293 154
3891 808 1000
3892 666 662
3893 384 951
3894 100 1273
3895 396 368
3896 694 707
3897 1733 1394
3898 579 779
3899 563 54
3900 891 352
3901 830 38
3902 85 646
3903 488 91
3904 1123 1657
3905 295 969
3906 792 1929
3907 1556 17
3908 1608 1509
3909 1216 1460
3910 1797 594
3911 1327 23
3912 1508 742
3913 1356 849
3914 1939 366
3915 1690 1227
3916 190 490
3917 1037 616
3918 1450 116
3919 968 628
3920 1181 446
3921 824 180
3922 584 1077
3923 1791 941
3924 128 1179
3925 695 359
3926 956 753
3927 961 83
3928 18 1700
3929 474 186
3930 706 605
3931 864 1685
3932 1396 1726
3933 1677 1039
3934 678 1206
3935 580 1688
3936 1306 1281
3937 1234 1537
3938 1645 200
3939 429 200
3940 544 637
3941 305 936
3942 1167 1822
3943 489 756
3944 1922 857
3945 1508 824
3946 949 1157
3947 1047 1790
3948 64 1943
3949 1135 22
3950 1537 1874
3951 973 147
3952 47 333
3953 1896 1659
3954 962 1147
3955 953 1143
3956 875 1491
3957 645 1763
3958 1095 1599
3959 935 1563
3960 1465 499
3961 1772 869
3962 1154 1742
3963 911 271
3964 485 1817
3965 1907 68
3966 964 34
3967 1935 1941
3968 1477 1960
3969 175 1520
3970 1260 1575
3971 1417 234
3972 901 847
3973 1111 339
3974 91 564
3975 806 8
3976 1193 538
3977 107 247
3978 888 50
3979 985 1440
3980 872 170
3981 147 1488
3982 1761 346
3983 1171 1619
3984 857 339
3985 270 1900
3986 1759 81
3987 1131 1605
3988 1247 1289
3989 710 1240
3990 1309 323
3991 210 1161
3992 693 868
3993 539 289
3994 817 947
3995 329 1740
3996 1969 76
3997 784 1140
3998 1242 1355
3999 186 147
4000 1186 702
4001 1190 248
4002 82 756
4003 1795 1516
4004 1922 220
4005 995 641
4006 867 1565
4007 162 1286
4008 1962 676
4009 818 1556
4010 39 871
4011 1092 535
4012 1553 1101
4013 1876 869
4014 368 1993
4015 1607 592
4016 1335 1393
4017 1461 1271
4018 1372 1839
4019 1476 180
4020 1093 921
4021 1389 1156
4022 97 1660
4023 1972 1002
4024 429 723
4025 136 1913
4026 1981 356
4027 435 779
4028 555 1791
4029 1661 1325
4030 847 1588
4031 881 597
4032 1267 512
4033 1306 1892
4034 1284 98
4035 1516 578
4036 883 1922
4037 1704 175
4038 379 1629
4039 46 716
4040 1900 1371
4041 1411 90
4042 1490 589
4043 1107 1633
4044 446 333
4045 556 729
4046 413 1756
4047 1894 635
4048 281 1239
4049 1223 1961
4050 1381 1052
4051 891 1091
4052 555 601
4053 1555 511
4054 1545 102
4055 682 12
4056 182 1430
4057 1945 1385
4058 1909 330
4059 280 1132
4060 1938 502
4061 700 233
4062 919 859
4063 1165 1758
4064 162 504
4065 1034 915
4066 1073 690
4067 1147 765
4068 1259 509
4069 728 1922
4070 1024 1743
4071 801 314
4072 1798 180
4073 109 382
4074 274 1726
4075 1406 24
4076 1923 939
4077 124 1979
4078 809 1709
4079 28 461
4080 923 1089
4081 1372 699
4082 1194 151
4083 775 1380
4084 340 1144
4085 524 1993
4086 1289 1373
4087 1542 936
4088 1557 273
4089 1829 408
4090 999 1482
4091 239 1987
4092 87 141
4093 1720 180
4094 1013 1077
4095 920 588
4096 1950 1690
4097 1346 801
4098 915 742
4099 322 326
4100 1982 1664
4101 852 1000
4102 1284 809
4103 423 1481
4104 1069 1574
4105 1037 1993
4106 1154 257
4107 782 374
4108 395 71
4109 1647 1871
4110 246 57
4111 1438 171
4112 617 1142
4113 1159 256
4114 889 426
4115 642 1665
4116 105 1515
4117 416 1210
4118 631 1914
4119 834 918
4120 1756 1636
4121 322 37
4122 1862 1181
4123 294 61
4124 94 1462
4125 262 1403
4126 1635 277
4127 927 229
4128 191 1000
4129 1122 1268
4130 801 729
4131 772 1313
4132 544 1176
4133 1332 920
4134 1105 200
4135 1104 750
4136 1488 401
4137 1692 922
4138 1116 212
4139 1388 85
4140 449 1017
4141 460 265
4142 905 303
4143 615 1738
4144 429 119
4145 1788 478
4146 1966 1153
4147 1949 1011
4148 955 1143
4149 1010 264
4150 1367 1956
4151 1666 774
4152 1261 1860
4153 403 1200
4154 327 471
4155 1550 1491
4156 1686 355
4157 1821 1250
4158 714 1231
4159 476 93
4160 1452 258
4161 294 1207
4162 638 1778
4163 1937 475
4164 1834 69
4165 1118 1009
4166 107 1149
4167 1327 1596
4168 166 1327
4169 1765 1409
4170 937 1523
4171 1587 1240
4172 1043 798
4173 199 928
4174 1888 1877
4175 1794 206
4176 969 689
4177 1193 1861
4178 685 7
4179 1214 883
4180 1720 1087
4181 1047 501
4182 862 1159
4183 173 625
4184 1013 668
4185 1880 178
4186 1235 1508
4187 1250 526
4188 1036 1997
4189 1938 435
4190 470 312
4191 1746 756
4192 739 387
4193 1919 284
4194 388 649
4195 1507 1066
4196 1257 876
4197 1327 1684
4198 199 1196
4199 1083 1820
4200 833 1635
4201 1040 1064
4202 1459 888
4203 664 378
4204 446 1216
4205 1629 1322
4206 614 456
4207 836 1956
4208 1439 958
4209 1967 1477
4210 1984 86
4211 691 1505
4212 1358 46
4213 1964 6
4214 493 1979
4215 513 664
4216 185 1039
4217 1410 805
4218 1741 361
4219 1285 1044
4220 1273 787
4221 1076 467
4222 252 992
4223 394 1791
4224 1818 1597
4225 1581 1692
4226 949 554
4227 467 290
4228 7 730
4229 305 1010
4230 393 1470
4231 1914 1511
4232 1963 801
4233 821 817
4234 214 705
4235 989 913
4236 66 636
4237 964 608
4238 1955 585
4239 310 396
4240 139 70
4241 1141 708
4242 1292 384
4243 1358 1998
4244 1925 1646
4245 748 552
4246 1225 795
4247 58 1672
4248 560 1548
4249 937 1113
4250 1116 406
4251 709 387
4252 45 498
4253 1056 225
4254 602 1231
4255 56 223
4256 1273 919
4257 166 1679
4258 1341 1299
4259 1614 786
4260 1574 733
4261 1909 1759
4262 1217 1899
4263 88 1737
4264 1632 900
4265 1363 1699
4266 1510 1256
4267 1082 431
4268 784 1702
4269 1797 1664
4270 21 142
4271 1068 370
4272 1723 680
4273 540 1516
4274 1460 739
4275 1794 701
4276 1598 615
4277 1531 1088
4278 1263 1114
4279 165 1165
4280 13 477
4281 1898 1582
4282 826 275
4283 1839 863
4284 97 1182
4285 389 1541
4286 1276 973
4287 1294 1640
4288 259 713
4289 274 1672
4290 25 537
4291 908 890
4292 1253 514
4293 1664 94
4294 780 1909
4295 479 1048
4296 1288 1460
4297 1664 869
4298 1832 40
4299 1362 1272
4300 148 1470
4301 1750 1970
4302 937 1295
4303 1027 523
4304 166 1291
4305 286 999
4306 1182 1533
4307 502 503
4308 837 1995
4309 1843 1957
4310 1058 1325
4311 1345 450
4312 1619 1542
4313 1371 1378
4314 888 1640
4315 662 1871
4316 1585 111
4317 59 827
4318 1816 1948
4319 1580 983
4320 1166 1396
4321 270 541
4322 702 423
4323 593 722
4324 739 1818
4325 1775 1836
4326 1129 1641
4327 715 1203
4328 1610 1579
4329 954 1195
4330 550 1313
4331 1660 1615
4332 1700 35
4333 1676 318
4334 87 319
4335 136 1941
4336 300 41
4337 127 686
4338 1767 1653
4339 1625 1869
4340 671 1743
4341 1703 460
4342 118 1788
4343 214 785
4344 1921 808
4345 1892 1928
4346 486 43
4347 211 1273
4348 1681 1963
4349 1130 668
4350 953 1748
4351 1954 1364
4352 1791 1467
4353 1373 684
4354 232 401
4355 843 1470
4356 273 721
4357 1840 299
4358 1640 326
4359 944 1072
4360 1337 1079
4361 1782 255
4362 1964 861
4363 9 1056
4364 1199 760
4365 125 1155
4366 304 869
4367 1094 846
4368 1336 1496
4369 1628 1231
4370 1530 1598
4371 1699 1789
4372 1902 1668
4373 726 667
4374 845 1892
4375 1687 955
4376 1024 1115
4377 444 676
4378 157 1674
4379 1500 1313
4380 1268 1503
4381 1884 1211
4382 257 505
4383 1508 1445
4384 1379 901
4385 575 558
4386 1181 1876
4387 370 1083
4388 1519 711
4389 788 529
4390 1614 779
4391 147 1115
4392 722 658
4393 1011 1754
4394 819 1170
4395 707 1183
4396 661 1238
4397 431 906
4398 1358 1171
4399 595 237
4400 793 1923
4401 1652 46
4402 1615 1945
4403 401 1570
4404 1416 757
4405 136 1471
4406 1650 402
4407 947 392
4408 158 809
4409 821 1075
4410 1511 1239
4411 476 512
4412 535 1231
4413 1678 1148
4414 204 880
4415 45 1238
4416 1182 1973
4417 1456 1908
4418 147 388
4419 912 1420
4420 1395 733
4421 1089 15
4422 377 1397
4423 1416 1457
4424 1670 478
4425 766 1014
4426 921 1364
4427 53 709
4428 1861 469
4429 1942 722
4430 9 1201
4431 459 882
4432 408 354
4433 1300 11
4434 1528 538
4435 1926 1302
4436 88 1521
4437 777 913
4438 1704 1811
4439 1791 948
4440 1571 1289
4441 1151 1098
4442 109 1849
4443 325 221
4444 682 405
4445 1735 1092
4446 1340 855
4447 1010 1188
4448 1440 594
4449 1471 1327
4450 1255 1757
4451 1487 1785
4452 506 273
4453 1179 453
4454 435 1210
4455 152 1624
4456 852 88
4457 296 603
4458 1393 1476
4459 173 1543
4460 1772 436
4461 970 1107
4462 657 822
4463 1039 1972
4464 1011 509
4465 1892 1815
4466 1649 1667
4467 1177 1799
4468 1870 60
4469 936 798
4470 478 1271
4471 1547 1006
4472 1416 1753
4473 1498 1007
4474 1343 1274
4475 1289 1086
4476 1250 387
4477 570 440
4478 64 1372
4479 1401 1964
4480 324 523
4481 979 1046
4482 815 584
4483 627 1568
4484 1188 306
4485 14 1757
4486 49 96
4487 1443 322
4488 541 459
4489 612 1945
4490 1415 571
4491 630 1362
4492 455 897
4493 1372 111
4494 1808 989
4495 789 667
4496 927 1481
4497 208 44
4498 191 945
4499 201 1224
4500 1376 1159
4501 1831 276
4502 166 206
4503 1480 1634
4504 1576 1748
4505 1171 1041
4506 1070 410
4507 219 138
4508 1913 1589
4509 1833 1059
4510 220 950
4511 990 1135
4512 148 1564
4513 1930 293
4514 789 121
4515 1457 1511
4516 1524 1795
4517 1010 993
4518 1591 422
4519 19 313
4520 1429 618
4521 1328 322
4522 1102 1593
4523 1255 212
4524 3 1353
4525 19 1201
4526 944 183
4527 1032 780
4528 1394 523
4529 585 1996
4530 851 270
4531 1503 486
4532 1667 752
4533 1725 542
4534 729 1826
4535 662 1455
4536 1507 796
4537 1107 1067
4538 1043 1566
4539 208 1657
4540 798 586
4541 1901 1897
4542 1391 970
4543 1446 158
4544 1534 1859
4545 764 1739
4546 655 1145
4547 1599 297
4548 1424 1643
4549 1811 1270
4550 735 711
4551 1379 562
4552 490 218
4553 1546 1130
4554 399 212
4555 1855 82
4556 1658 727
4557 1131 183
4558 531 1653
4559 1666 245
4560 1205 1908
4561 1456 674
4562 324 1800
4563 820 143
4564 135 882
4565 858 182
4566 1301 1433
4567 1564 70
4568 1032 223
4569 1423 1145
4570 1730 658
4571 1473 1215
4572 813 1539
4573 1755 903
4574 98 255
4575 248 1923
4576 1649 74
4577 1214 1933
4578 1313 1080
4579 1027 529
4580 189 1947
4581 76 64
4582 1111 1344
4583 732 624
4584 424 1698
4585 1511 1258
4586 1211 1011
4587 1314 619
4588 732 1239
4589 1609 1212
4590 1107 1052
4591 223 1994
4592 1866 1438
4593 1945 668
4594 187 1395
4595 1709 1327
4596 1082 435
4597 1369 551
4598 1810 1777
4599 357 358
4600 1900 1199
4601 1143 1405
4602 651 1451
4603 863 1150
4604 639 1114
4605 158 1524
4606 154 996
4607 1899 878
4608 1007 59
4609 1269 485
4610 285 1462
4611 266 134
4612 1582 1512
4613 703 974
4614 1842 110
4615 716 1337
4616 1487 833
4617 1753 908
4618 1482 1440
4619 1711 192
4620 802 1857
4621 966 1506
4622 585 1638
4623 1276 495
4624 623 166
4625 1411 1037
4626 167 1701
4627 145 1830
4628 582 1309
4629 919 1341
4630 922 1614
4631 36 1282
4632 1725 571
4633 1814 493
4634 1294 1974
4635 648 205
4636 141 911
4637 1406 907
4638 554 904
4639 1010 830
4640 1555 1872
4641 1267 145
4642 1508 78
4643 1527 1651
4644 1440 856
4645 918 1912
4646 1897 1970
4647 1119 1135
4648 544 642
4649 31 947
4650 1586 1453
4651 1925 970
4652 1128 95
4653 209 1859
4654 193 713
4655 576 1475
4656 1573 1653
4657 441 326
4658 532 1242
4659 139 735
4660 591 1634
4661 1520 1294
4662 1064 1642
4663 278 931
4664 193 1843
4665 653 497
4666 1907 1471
4667 1018 1077
4668 1294 970
4669 1310 1075
4670 1259 1771
4671 1059 56
4672 591 1087
4673 1867 1924
4674 1438 315
4675 723 1102
4676 1383 1834
4677 1531 1164
4678 965 676
4679 36 245
4680 661 924
4681 508 1425
4682 1278 1945
4683 393 1576
4684 244 676
4685 696 355
4686 1937 1022
4687 365 672
4688 476 1621
4689 753 1903
4690 1251 825
4691 1924 602
4692 1412 1039
4693 1116 1499
4694 7 1554
4695 1616 374
4696 1913 555
4697 1387 1183
4698 1241 717
4699 1996 907
4700 1791 981
4701 1801 1922
4702 303 462
4703 711 449
4704 1593 1986
4705 331 1453
4706 482 582
4707 269 1644
4708 1023 1231
4709 950 1802
4710 294 1522
4711 226 118
4712 268 1856
4713 1280 1088
4714 1678 1550
4715 176 1223
4716 1669 636
4717 1709 549
4718 1652 1155
4719 1363 270
4720 1168 1406
4721 248 100
4722 1600 470
4723 1659 661
4724 1110 1452
4725 1521 232
4726 1279 923
4727 971 142
4728 1820 586
4729 1672 1229
4730 105 1436
4731 57 774
4732 259 1558
4733 234 1080
4734 1656 1668
4735 1082 397
4736 538 1818
4737 453 1816
4738 1753 1457
4739 103 1252
4740 784 1753
4741 1467 1604
4742 1273 1796
4743 1078 1226
4744 1821 812
4745 840 1426
4746 1217 1597
4747 1376 1152
4748 87 1579
4749 481 1291
4750 1741 1285
4751 1437 1283
4752 509 88
4753 521 260
4754 1515 62
4755 1405 1199
4756 1816 1594
4757 298 770
4758 1442 540
4759 1475 689
4760 1724 267
4761 206 662
4762 381 1110
4763 663 768
4764 1285 1208
4765 1467 560
4766 130 362
4767 861 1950
4768 1677 68
4769 950 1041
4770 861 1771
4771 1689 594
4772 1884 1710
4773 1624 573
4774 722 342
4775 1552 110
4776 1586 420
4777 1381 7
4778 1155 1788
4779 1192 1555
4780 356 1861
4781 1580 23
4782 40 230
4783 982 1637
4784 982 510
4785 1818 521
4786 1060 1390
4787 1604 1393
4788 1148 626
4789 1204 1366
4790 577 767
4791 239 1785
4792 1834 225
4793 1010 1281
4794 424 1009
4795 857 1287
4796 1494 448
4797 1567 1414
4798 243 1160
4799 1906 1209
4800 129 1300
4801 1849 1205
4802 1462 370
4803 218 1556
4804 1088 1898
4805 111 8
4806 367 1479
4807 1721 1148
4808 1600 1522
4809 1686 111
4810 684 1599
4811 1335 713
4812 375 1267
4813 1153 304
4814 1999 1141
4815 1910 454
4816 1143 135
4817 1655 1737
4818 1023 600
4819 466 90
4820 1017 1316
4821 588 1959
4822 1473 1344
4823 1137 312
4824 205 439
4825 1050 1932
4826 1966 1547
4827 765 219
4828 818 169
4829 431 365
4830 1693 11
4831 1528 1221
4832 867 843
4833 290 961
4834 202 1232
4835 1535 1416
4836 1006 1017
4837 769 599
4838 173 329
4839 1802 740
4840 534 408
4841 1662 215
4842 1827 1961
4843 523 466
4844 1486 1947
4845 616 1675
4846 45 879
4847 532 488
4848 1663 1967
4849 235 1204
4850 1048 1339
4851 1071 614
4852 1253 1307
4853 660 828
4854 1530 507
4855 1327 1022
4856 481 235
4857 52 224
4858 462 1989
4859 943 1286
4860 1756 23
4861 22 447
4862 778 778
4863 138 1287
4864 943 1347
4865 1640 690
4866 67 869
4867 1403 940
4868 1986 1350
4869 447 695
4870 687 1148
4871 1100 1189
4872 1250 929
4873 1225 678
4874 1773 1675
4875 409 973
4876 602 1634
4877 1386 761
4878 219 1069
4879 1737 895
4880 57 472
4881 1926 1795
4882 1141 677
4883 1027 1428
4884 1779 860
4885 148 270
4886 129 277
4887 1356 1476
4888 1844 490
4889 449 871
4890 1366 1490
4891 1185 1558
4892 851 1201
4893 1466 934
4894 728 381
4895 1271 278
4896 1901 40
4897 1169 686
4898 1206 599
4899 1841 977
4900 966 491
4901 1701 206
4902 1869 87
4903 228 87
4904 1864 640
4905 1046 928
4906 358 191
4907 166 818
4908 1946 506
4909 1778 1610
4910 1713 1083
4911 505 1477
4912 4 1232
4913 1244 21
4914 1967 1853
4915 956 345
4916 1012 1201
4917 664 1105
4918 1442 1497
4919 359 1786
4920 1201 1807
4921 1290 1525
4922 1701 207
4923 1286 499
4924 231 1476
4925 1706 579
4926 1726 101
4927 668 1929
4928 204 416
4929 1799 1639
4930 1642 1614
4931 745 1794
4932 1236 1144
4933 1504 1059
4934 1150 1976
4935 604 1044
4936 1113 127
4937 336 364
4938 713 1954
4939 1805 827
4940 68 1657
4941 1109 655
4942 95 234
4943 48 511
4944 199 585
4945 626 1166
4946 899 1813
4947 113 1207
4948 1700 979
4949 1607 847
4950 9 116
4951 673 1608
4952 930 538
4953 681 5
4954 1415 29
4955 221 1360
4956 197 1360
4957 1666 910
4958 1985 1974
4959 440 138
4960 1514 428
4961 1023 1190
4962 1402 217
4963 45 748
4964 320 1516
4965 221 1029
4966 63 662
4967 1324 1347
4968 1935 1504
4969 370 856
4970 230 909
4971 1161 1846
4972 947 900
4973 1277 81
4974 669 852
4975 1884 161
4976 455 1183
4977 1523 1063
4978 48 693
4979 1510 644
4980 895 1243
4981 1374 311
4982 645 1188
4983 84 671
4984 1903 1489
4985 1400 1408
4986 94 389
4987 1749 1573
4988 1520 1301
4989 1675 1465
4990 348 1300
4991 1188 610
4992 1561 646
4993 1593 1567
4994 1586 1796
4995 1083 1014
4996 434 928
4997 682 309
4998 133 1853
4999 1665 1127
5000 1043 1126
5001 1368 1158
5002 1932 969
5003 334 190
5004 604 1019
5005 1295 1408
5006 965 1214
5007 629 1895
5008 543 1831
5009 1900 1715
5010 1788 942
5011 849 66
5012 959 257
5013 1075 990
5014 723 1282
5015 1880 30
5016 1078 1776
5017 833 166
5018 51 1877
5019 1315 1172
5020 1845 191
5021 763 800
5022 440 1921
5023 298 1360
5024 215 210
5025 1140 828
5026 1409 229
5027 1226 251
5028 313 1473
5029 786 548
5030 1366 1808
5031 7 443
5032 1898 13
5033 879 1541
5034 775 1152
5035 1106 1706
5036 1530 760
5037 1614 1160
5038 150 1582
5039 1139 1074
5040 1130 686
5041 1573 771
5042 1414 1389
5043 1415 1048
5044 1378 1089
5045 575 1867
5046 1166 1102
5047 325 1648
5048 949 607
5049 1136 1670
5050 885 628
5051 63 605
5052 1596 201
5053 1832 574
5054 1924 1439
5055 1355 162
5056 1154 367
5057 1662 1403
5058 1373 119
5059 828 1482
5060 675 1983
5061 416 1620
5062 1400 1585
5063 1855 2
5064 1619 258
5065 1213 1889
5066 1106 321
5067 1137 1842
5068 1292 726
5069 511 765
5070 974 1818
5071 144 1814
5072 4 1343
5073 957 618
5074 461 937
5075 1705 1679
5076 878 1460
5077 233 137
5078 303 50
5079 110 603
5080 1797 854
5081 690 80
5082 1419 1375
5083 1131 414
5084 1325 579
5085 515 453
5086 150 1102
5087 1123 1974
5088 1792 1879
5089 787 519
5090 1166 641
5091 816 1496
5092 778 746
5093 1948 285
5094 1106 1717
5095 349 15
5096 1653 897
5097 1301 1426
5098 1470 209
5099 75 793
5100 1611 1306
5101 479 1386
5102 1368 147
5103 1929 1715
5104 242 251
5105 709 1433
5106 1296 824
5107 692 280
5108 94 115
5109 1826 748
5110 632 1790
5111 394 698
5112 1090 997
5113 1207 1534
5114 1984 1213
5115 1572 268
5116 656 1816
5117 249 1147
5118 1684 1390
5119 152 21
5120 1834 671
5121 718 490
5122 664 188
5123 1269 90
5124 1710 376
5125 1977 1531
5126 316 1794
5127 1318 940
5128 774 1385
5129 1685 1255
5130 1114 879
5131 1055 761
5132 1311 1430
5133 646 1005
5134 655 1279
5135 369 1
5136 1938 297
5137 897 39
5138 10 612
5139 572 1995
5140 927 1028
5141 97 1994
5142 1594 1656
5143 1593 894
5144 798 1801
5145 1674 88
5146 1793 154
5147 1141 229
5148 998 1731
5149 383 1756
5150 1837 242
5151 1959 207
5152 1768 734
5153 1803 413
5154 660 1860
5155 1361 219
5156 360 515
5157 401 1449
5158 1481 1450
5159 599 1768
5160 957 188
5161 1434 651
5162 192 253
5163 484 1287
5164 734 1182
5165 1938 441
5166 1436 183
5167 1205 1513
5168 1965 472
5169 155 1910
5170 1021 2
5171 1560 1713
5172 1728 281
5173 372 397
5174 1931 863
5175 1704 764
5176 918 1348
5177 1436 1565
5178 445 710
5179 421 1713
5180 1099 311
5181 1176 1339
5182 1766 1098
5183 1262 1407
5184 1386 1935
5185 1109 961
5186 1057 1347
5187 205 748
5188 507 696
5189 1026 1608
5190 278 495
5191 1446 1195
5192 1961 937
5193 1950 78
5194 1372 928
5195 674 1601
5196 1712 1514
5197 232 495
5198 1874 340
5199 1886 86
5200 1503 952
5201 1668 1777
5202 246 1168
5203 564 1847
5204 804 1555
5205 1627 1038
5206 1493 1161
5207 1699 1567
5208 116 454
5209 1 681
5210 537 633
5211 1678 352
5212 949 600
5213 1120 114
5214 67 1808
5215 586 1279
5216 987 1176
5217 1188 126
5218 1193 1551
5219 50 100
5220 1263 242
5221 433 1886
5222 837 1073
5223 1840 1981
5224 1517 1588
5225 292 758
5226 851 1202
5227 1938 1504
5228 1626 211
5229 372 461
5230 1505 317
5231 78 182
5232 1899 1947
5233 1311 786
5234 1271 451
5235 838 1484
5236 1296 1445
5237 1262 357
5238 1783 915
5239 1891 409
5240 1517 847
5241 948 670
5242 7 1100
5243 1583 1616
5244 1324 544
5245 1535 1222
5246 364 917
5247 1615 214
5248 777 253
5249 747 1953
5250 915 1463
5251 1718 1193
5252 784 1756
5253 913 55
5254 1034 1115
5255 1211 427
5256 1244 960
5257 527 873
5258 710 523
5259 380 1456
5260 1908 1769
5261 231 448
5262 614 918
5263 331 355
5264 650 1943
5265 1965 1656
5266 168 137
5267 1546 364
5268 1943 1412
5269 449 1911
5270 1122 1681
5271 1212 915
5272 638 509
5273 1910 1460
5274 326 574
5275 1997 616
5276 1331 978
5277 1723 1901
5278 1426 931
5279 503 1125
5280 1523 103
5281 462 591
5282 1582 1037
5283 1037 1120
5284 589 1787
5285 1380 696
5286 1433 980
5287 658 75
5288 238 151
5289 153 191
5290 1249 1054
5291 1091 1042
5292 469 899
5293 1072 141
5294 1943 472
5295 1582 491
5296 61 1063
5297 693 606
5298 1655 1878
5299 986 1525
5300 1366 1750
5301 1419 1755
5302 494 92
5303 971 769
5304 1130 660
5305 1491 1659
5306 1512 528
5307 519 453
5308 1793 577
5309 1863 1291
5310 417 336
5311 1720 1898
5312 1262 1022
5313 385 256
5314 1839 727
5315 818 49
5316 823 523
5317 1190 750
5318 1002 854
5319 1437 1974
5320 1195 286
5321 1287 1900
5322 661 1144
5323 1820 1659
5324 1971 906
5325 756 1564
5326 1459 588
5327 1237 341
5328 397 241
5329 825 876
5330 18 1836
5331 1147 739
5332 150 626
5333 1947 158
5334 107 454
5335 945 1990
5336 1628 1732
5337 1008 515
5338 994 1454
5339 1636 595
5340 1772 1673
5341 1456 1718
5342 1131 1399
5343 1939 1831
5344 1153 1656
5345 733 737
5346 700 1480
5347 849 1703
5348 1845 1111
5349 1595 753
5350 1139 1670
5351 1781 287
5352 1869 670
5353 776 1064
5354 1912 924
5355 229 14
5356 1547 1517
5357 539 472
5358 948 681
5359 753 561
5360 287 836
5361 741 679
5362 811 297
5363 612 1842
5364 1045 282
5365 539 705
5366 1746 504
5367 1283 1218
5368 1863 604
5369 785 406
5370 1524 1539
5371 207 579
5372 901 1321
5373 1852 427
5374 683 1284
5375 250 1625
5376 1998 366
5377 759 963
5378 358 1786
5379 1576 1572
5380 1169 1136
5381 1494 98
5382 391 1837
5383 1095 86
5384 1936 181
5385 1859 714
5386 865 1567
5387 1308 1384
5388 1738 656
5389 1873 1211
5390 207 940
5391 1907 151
5392 253 79
5393 1282 1500
5394 1817 1512
5395 1210 1994
5396 443 1334
5397 1408 401
5398 819 1810
5399 1597 1535
5400 1580 287
5401 177 943
5402 384 1098
5403 1827 693
5404 1836 1317
5405 1871 565
5406 1077 631
5407 1961 1898
5408 1118 674
5409 532 1489
5410 787 888
5411 1909 601
5412 370 1327
5413 431 904
5414 684 662
5415 940 1589
5416 903 1088
5417 687 1124
5418 1087 122
5419 896 1834
5420 509 136
5421 681 1152
5422 131 1611
5423 631 695
5424 638 1691
5425 1828 515
5426 1540 1580
5427 1085 1911
5428 1262 1833
5429 1350 1390
5430 1778 1436
5431 703 1436
5432 1433 1422
5433 15 1616
5434 1474 530
5435 1100 773
5436 572 1881
5437 1111 1210
5438 1474 548
5439 705 75
5440 933 1338
5441 478 763
5442 1427 1404
5443 994 293
5444 886 1759
5445 748 1664
5446 1377 684
5447 1078 391
5448 1727 266
5449 515 1094
5450 1884 1484
5451 330 1862
5452 507 902
5453 1179 1276
5454 822 1051
5455 1458 1447
5456 1350 1739
5457 436 1390
5458 737 688
5459 97 511
5460 1724 1983
5461 1052 1207
5462 1836 404
5463 631 1311
5464 1122 505
5465 35 212
5466 362 1617
5467 1885 413
5468 717 532
5469 855 1188
5470 1373 945
5471 528 922
5472 1993 1259
5473 103 311
5474 894 153
5475 1991 1766
5476 45 1887
5477 923 798
5478 150 1500
5479 1553 1944
5480 129 1324
5481 1232 78
5482 1861 123
5483 857 536
5484 1879 1755
5485 163 1973
5486 188 1965
5487 1449 198
5488 860 515
5489 1032 238
5490 494 227
5491 1660 300
5492 689 958
5493 790 576
5494 104 1857
5495 264 1967
5496 858 85
5497 393 1782
5498 1249 10
5499 1974 426
5500 1074 172
5501 127 790
5502 1099 1035
5503 478 1122
5504 1580 523
5505 826 279
5506 849 26
5507 548 1371
5508 366 1592
5509 548 1746
5510 99 1462
5511 1582 1420
5512 37 1528
5513 1045 132
5514 1306 1076
5515 205 432
5516 253 1999
5517 1048 1966
5518 1322 261
5519 1901 368
5520 1438 1380
5521 38 1475
5522 1212 975
5523 658 1837
5524 492 1623
5525 1699 93
5526 832 746
5527 1230 1641
5528 1179 697
5529 1237 1511
5530 735 1789
5531 1886 1428
5532 929 1397
5533 1866 793
5534 947 625
5535 740 832
5536 1635 425
5537 686 316
5538 593 81
5539 1550 1613
5540 408 746
5541 184 1327
5542 1374 131
5543 448 391
5544 354 782
5545 1732 438
5546 271 1635
5547 1378 1993
5548 97 603
5549 1113 1966
5550 1951 1487
5551 757 1858
5552 1134 1689
5553 663 147
5554 1133 469
5555 1734 863
5556 1810 1081
5557 378 460
5558 1190 1092
5559 289 998
5560 682 459
5561 1861 1893
5562 1778 1090
5563 1776 226
5564 1070 1029
5565 1362 345
5566 896 1997
5567 611 310
5568 890 694
5569 505 1614
5570 1206 1967
5571 788 455
5572 56 1208
5573 523 1991
5574 1519 1777
5575 558 93
5576 1338 938
5577 166 1387
5578 775 1424
5579 583 1306
5580 965 1196
5581 1619 1003
5582 139 1189
5583 516 1916
5584 1238 1332
5585 1044 951
5586 1857 1164
5587 975 1709
5588 418 820
5589 312 168
5590 29 324
5591 884 220
5592 1094 1811
5593 1230 1727
5594 1904 1203
5595 1096 427
5596 936 1196
5597 1291 967
5598 1270 115
5599 1826 195
5600 1210 1773
5601 1423 627
5602 1744 1299
5603 976 1512
5604 1024 1132
5605 534 1493
5606 369 729
5607 232 1694
5608 1999 1582
5609 41 1168
5610 485 382
5611 674 156
5612 627 1124
5613 1479 717
5614 447 283
5615 304 1091
5616 532 348
5617 1239 1364
5618 930 199
5619 1843 1359
5620 560 1233
5621 1034 1390
5622 1259 1108
5623 1604 864
5624 288 1842
5625 330 1993
5626 1330 836
5627 791 704
5628 1227 1870
5629 885 1588
5630 1940 875
5631 1018 129
5632 1327 654
5633 1132 1966
5634 821 1056
5635 40 1547
5636 1023 1808
5637 1391 590
5638 470 1479
5639 1738 1521
5640 343 790
5641 334 1699
5642 1898 70
5643 1554 187
5644 874 221
5645 831 1578
5646 1422 1762
5647 1233 786
5648 1013 1495
5649 1320 573
5650 817 838
5651 309 947
5652 1514 464
5653 1902 1923
5654 1524 1535
5655 1760 217
5656 75 627
5657 1104 1914
5658 1436 677
5659 1204 1004
5660 1395 766
5661 1709 998
5662 932 802
5663 1766 1074
5664 862 378
5665 1525 440
5666 1746 612
5667 612 1086
5668 954 1355
5669 1625 1210
5670 1364 1108
5671 33 1363
5672 1157 1259
5673 1153 1215
5674 699 466
5675 53 1894
5676 175 130
5677 1766 748
5678 338 325
5679 593 420
5680 197 1572
5681 550 1082
5682 1297 1631
5683 1287 221
5684 695 867
5685 1775 819
5686 1479 1544
5687 389 459
5688 1243 1444
5689 1604 553
5690 781 1441
5691 1799 119
5692 768 1538
5693 1094 1744
5694 1538 1183
5695 381 1703
5696 1239 1523
5697 1729 1395
5698 6 1440
5699 1241 207
5700 616 1611
5701 1610 620
5702 1557 1756
5703 133 1720
5704 1109 1158
5705 776 1048
5706 854 1719
5707 152 500
5708 1977 118
5709 973 253
5710 442 499
5711 143 1876
5712 248 42
5713 65 885
5714 650 1307
5715 1332 598
5716 891 50
5717 218 1013
5718 1779 1561
5719 1715 256
5720 1819 653
5721 1418 161
5722 1573 854
5723 439 1969
5724 525 1222
5725 1621 812
5726 663 290
5727 411 167
5728 1005 1040
5729 329 448
5730 1888 691
5731 494 703
5732 1042 205
5733 145 1923
5734 1752 857
5735 262 1502
5736 1168 151
5737 1429 466
5738 1266 69
5739 39 39
5740 1644 702
5741 334 1166
5742 1726 628
5743 1643 1343
5744 1798 913
5745 1512 385
5746 1203 918
5747 1286 1735
5748 454 1696
5749 1676 1706
5750 255 275
5751 1080 1613
5752 1863 1095
5753 911 1370
5754 990 257
5755 551 776
5756 1203 1170
5757 299 111
5758 995 1263
5759 368 753
5760 1537 1840
5761 1786 1689
5762 514 1379
5763 471 1565
5764 1631 557
5765 52 1823
5766 1393 1399
5767 352 1900
5768 1129 1732
5769 1941 1465
5770 1298 844
5771 1927 191
5772 1222 45
5773 218 874
5774 1721 608
5775 14 686
5776 1021 40
5777 1754 1522
5778 315 1430
5779 1966 1206
5780 1218 765
5781 221 1318
5782 1412 486
5783 1400 1348
5784 171 1
5785 963 184
5786 897 1671
5787 1642 794
5788 134 636
5789 1656 1614
5790 910 1603
5791 69 1582
5792 1177 220
5793 358 1188
5794 1104 816
5795 211 1765
5796 856 1687
5797 1042 1944
5798 505 891
5799 1950 700
5800 670 109
5801 1384 1733
5802 754 932
5803 1622 1566
5804 860 1534
5805 1033 678
5806 1936 1702
5807 1042 1084
5808 661 1552
5809 993 18
5810 818 501
5811 1909 1588
5812 1614 503
5813 1088 844
5814 1119 84
5815 690 1154
5816 1204 1832
5817 50 1564
5818 122 61
5819 1260 946
5820 421 232
5821 602 376
5822 617 554
5823 988 1726
5824 1500 1161
5825 1989 375
5826 79 1754
5827 240 1983
5828 1783 1549
5829 1505 1002
5830 1233 1767
5831 1672 1401
5832 444 1585
5833 516 1085
5834 1259 192
5835 1191 825
5836 842 22
5837 478 630
5838 216 895
5839 462 650
5840 1023 372
5841 1262 1278
5842 651 48
5843 973 1851
5844 1741 1567
5845 1311 1702
5846 651 776
5847 1381 1459
5848 687 1957
5849 1921 200
5850 1065 639
5851 867 653
5852 106 1926
5853 1039 1199
5854 303 1127
5855 1093 1018
5856 1169 1739
5857 1998 596
5858 1098 550
5859 1520 795
5860 690 1756
5861 1416 203
5862 209 1798
5863 641 1898
5864 632 98
5865 1241 1558
5866 1050 269
5867 1297 225
5868 1845 595
5869 660 945
5870 1161 279
5871 1821 109
5872 13 838
5873 684 1517
5874 428 1774
5875 1550 309
5876 1779 1987
5877 1573 1261
5878 499 1562
5879 55 107
5880 1046 1913
5881 482 658
5882 1037 1852
5883 1907 1438
5884 1925 1330
5885 794 1800
5886 1487 958
5887 1608 1171
5888 1875 317
5889 275 42
5890 1923 661
5891 1227 658
5892 1263 100
5893 896 1678
5894 419 1122
5895 564 706
5896 712 572
5897 1338 516
5898 1947 406
5899 1143 1263
5900 138 1595
5901 1120 238
5902 107 1391
5903 1078 1007
5904 1547 1336
5905 620 1570
5906 23 396
5907 289 1980
5908 1827 577
5909 1732 690
5910 908 1796
5911 49 2
5912 16 1325
5913 1424 1559
5914 1203 1064
5915 1230 40
5916 1194 1370
5917 744 999
5918 1054 609
5919 13 1845
5920 702 1385
5921 599 214
5922 1019 1545
5923 812 1899
5924 240 579
5925 996 541
5926 1394 1389
5927 1938 548
5928 155 601
5929 658 1745
5930 1077 1237
5931 207 397
5932 1705 1922
5933 1426 154
5934 536 1385
5935 1878 321
5936 1878 894
5937 1180 1396
5938 1953 1267
5939 1157 595
5940 1708 1762
5941 1625 1227
5942 1368 1006
5943 1419 49
5944 578 1731
5945 332 1809
5946 255 936
5947 1115 373
5948 1488 1092
5949 1914 1702
5950 1999 1469
5951 150 1195
5952 1602 1774
5953 209 556
5954 1519 761
5955 1454 1316
5956 830 1614
5957 547 1106
5958 1666 1253
5959 897 1024
5960 113 1939
5961 301 511
5962 1749 1294
5963 1996 1137
5964 257 872
5965 1928 155
5966 1386 1151
5967 1038 900
5968 690 182
5969 1948 1862
5970 374 292
5971 1528 1365
5972 19 417
5973 1966 1561
5974 1586 307
5975 1092 1987
5976 1064 735
5977 1014 1156
5978 10 1719
5979 1420 1348
5980 1268 356
5981 848 1000
5982 1111 1150
5983 987 240
5984 587 32
5985 1824 194
5986 470 1685
5987 1950 171
5988 417 868
5989 1793 1022
5990 1858 707
5991 38 1004
5992 546 1029
5993 490 962
5994 1200 1186
5995 165 707
5996 736 1052
5997 1337 829
5998 332 961
5999 1981 495
6000 114 1949
6001 359 745
6002 645 1731
6003 1284 1211
6004 630 1512
6005 590 1257
6006 341 1035
6007 931 1020
6008 559 815
6009 1639 417
6010 1813 1158
6011 439 884
6012 1837 1477
6013 703 1518
6014 1896 161
6015 1658 1707
6016 1347 1363
6017 1699 542
6018 432 988
6019 1339 362
6020 139 1388
6021 1378 778
6022 360 1298
6023 804 427
6024 455 1062
6025 1307 1953
6026 269 665
6027 608 1267
6028 1820 1643
6029 1274 1543
6030 841 323
6031 794 513
6032 401 813
6033 590 659
6034 421 1651
6035 1088 1220
6036 641 543
6037 1806 859
6038 74 1815
6039 1370 1554
6040 881 353
6041 418 674
6042 22 28
6043 1327 438
6044 529 1152
6045 1389 609
6046 828 769
6047 1537 1214
6048 1694 751
6049 1114 1415
6050 864 693
6051 1342 742
6052 425 1341
6053 949 984
6054 1334 1540
6055 885 398
6056 1820 320
6057 207 1905
6058 1300 1688
6059 356 1205
6060 155 1881
6061 187 312
6062 667 1738
6063 1274 1066
6064 1330 933
6065 1721 79
6066 1819 820
6067 230 1863
6068 23 588
6069 1023 1428
6070 1706 520
6071 505 556
6072 648 211
6073 1969 1080
6074 1358 500
6075 1713 117
6076 39 765
6077 622 1045
6078 1685 58
6079 1094 1800
6080 1233 498
6081 1531 422
6082 203 917
6083 175 1231
6084 1386 1903
6085 1688 832
6086 548 999
6087 1575 140
6088 1885 568
6089 1543 388
6090 1252 243
6091 1475 523
6092 1368 1055
6093 1973 677
6094 1525 1667
6095 1027 111
6096 1300 306
6097 774 727
6098 357 97
6099 630 696
6100 450 1557
6101 145 871
6102 359 1957
6103 186 584
6104 1835 1776
6105 495 1744
6106 1491 1765
6107 966 1151
6108 975 1394
6109 1040 811
6110 546 1956
6111 14 1212
6112 1654 1346
6113 1801 1591
6114 48 1061
6115 1895 1797
6116 472 1316
6117 1022 325
6118 461 1682
6119 914 413
6120 1248 1644
6121 1154 1354
6122 492 1433
6123 1058 422
6124 338 1350
6125 1968 1311
6126 1894 579
6127 1564 1239
6128 1889 501
6129 480 823
6130 1049 1242
6131 94 287
6132 1348 989
6133 1736 311
6134 602 533
6135 89 890
6136 484 438
6137 1723 1550
6138 483 986
6139 1525 1926
6140 1066 1964
6141 129 560
6142 1599 532
6143 723 1508
6144 347 1800
6145 568 331
6146 677 1391
6147 1434 1257
6148 1549 75
6149 1071 669
6150 1195 851
6151 490 1270
6152 1961 1383
6153 1023 48
6154 1914 1138
6155 688 1577
6156 1983 1898
6157 389 333
6158 1354 1258
6159 303 1710
6160 743 815
6161 1243 1579
6162 1421 1245
6163 1592 197
6164 1921 688
6165 1401 1419
6166 1481 1315
6167 1682 1783
6168 1437 675
6169 856 512
6170 1369 912
6171 1601 1436
6172 327 20
6173 339 382
6174 1472 1293
6175 1140 118
6176 1070 667
6177 17 389
6178 89 874
6179 369 718
6180 516 1491
6181 971 91
6182 979 769
6183 152 1523
6184 162 141
6185 1187 1796
6186 1091 1123
6187 1762 577
6188 1431 1142
6189 1168 1323
6190 1854 1234
6191 398 1623
6192 91 324
6193 1386 608
6194 1842 785
6195 85 1923
6196 1421 368
6197 722 245
6198 959 1631
6199 1108 1610
6200 1354 1382
6201 1699 457
6202 778 881
6203 498 980
6204 1403 405
6205 1891 152
6206 1328 1970
6207 445 389
6208 205 275
6209 1762 156
6210 344 465
6211 109 960
6212 1249 1706
6213 1599 331
6214 1658 879
6215 635 529
6216 1212 1536
6217 1591 568
6218 1839 1350
6219 210 590
6220 728 1908
6221 944 1233
6222 78 1552
6223 1275 1737
6224 541 1817
6225 640 685
6226 547 616
6227 886 728
6228 566 1817
6229 978 458
6230 479 1835
6231 1286 970
6232 754 1810
6233 291 1167
6234 551 1830
6235 241 472
6236 392 195
6237 1476 300
6238 1010 1455
6239 1019 1638
6240 1006 1062
6241 1702 877
6242 489 1451
6243 322 582
6244 838 1199
6245 1510 1051
6246 1740 550
6247 1649 1041
6248 1985 691
6249 306 1786
6250 1834 218
6251 1103 249
6252 864 1847
6253 635 1894
6254 58 1126
6255 423 1901
6256 149 1400