1123
0 479 1138
1 633 371
2 358 375
3 915 809
4 719 1056
5 736 526
6 794 1070
7 952 774
8 736 843
9 56 813
10 507 801
11 142 186
12 399 944
13 628 472
14 637 938
15 1018 548
16 1115 1183
17 1004 397
18 561 567
19 158 1116
20 289 731
21 587 1008
22 407 810
23 1195 940
24 86 879
25 1154 736
26 1010 508
27 1078 643
28 680 972
29 864 506
30 299 676
31 857 417
32 614 102
33 279 1065
34 822 16
35 1123 888
36 609 41
37 673 239
38 149 767
39 429 819
40 1174 106
41 276 1143
42 210 127
43 1156 127
44 386 691
45 626 854
46 468 681
47 675 393
48 88 801
49 178 714
50 1061 645
51 490 879
52 1157 332
53 757 678
54 662 1173
55 76 351
56 681 250
57 1061 789
58 0 929
59 522 985
60 405 408
61 216 527
62 791 848
63 1005 37
64 398 498
65 973 366
66 366 1007
67 173 966
68 247 559
69 1045 78
70 800 1062
71 183 30
72 1108 955
73 1069 166
74 1002 443
75 353 1148
76 474 604
77 28 476
78 389 799
79 50 632
80 205 979
81 1188 515
82 799 111
83 952 897
84 365 63
85 790 665
86 432 700
87 253 482
88 551 128
89 122 431
90 11 774
91 351 1107
92 954 310
93 708 1029
94 942 662
95 696 281
96 90 630
97 343 884
98 1042 975
99 1013 244
100 1108 1193
101 72 389
102 473 841
103 941 1006
104 832 95
105 446 852
106 993 147
107 87 774
108 390 553
109 289 243
110 189 9
111 174 1190
112 795 502
113 337 308
114 903 626
115 372 315
116 518 755
117 693 956
118 967 1164
119 665 1081
120 409 253
121 1139 548
122 1182 832
123 133 780
124 249 399
125 404 334
126 56 713
127 1140 189
128 328 278
129 739 767
130 228 558
131 606 145
132 265 660
133 8 867
134 1109 949
135 405 857
136 757 1175
137 927 1076
138 741 368
139 1095 668
140 287 424
141 649 360
142 889 415
143 519 88
144 689 285
145 587 65
146 724 314
147 723 875
148 94 111
149 229 230
150 948 474
151 1074 567
152 360 624
153 356 273
154 283 641
155 914 324
156 793 422
157 241 216
158 562 633
159 634 360
160 508 952
161 459 616
162 872 1095
163 213 1116
164 210 348
165 779 532
166 631 191
167 600 1107
168 364 890
169 512 962
170 40 1042
171 637 507
172 634 131
173 1127 344
174 1082 529
175 398 769
176 677 24
177 370 242
178 978 889
179 1157 686
180 1153 770
181 1135 833
182 713 1133
183 366 741
184 367 201
185 1000 605
186 117 396
187 59 432
188 593 2
189 28 517
190 304 325
191 993 673
192 643 1031
193 1126 647
194 516 390
195 679 647
196 457 761
197 767 976
198 409 939
199 1133 885
200 556 239
201 914 658
202 764 279
203 233 662
204 925 266
205 608 937
206 851 1179
207 998 52
208 10 556
209 713 1100
210 686 608
211 276 1098
212 257 1097
213 501 290
214 99 163
215 159 913
216 890 14
217 648 832
218 34 887
219 1102 256
220 449 802
221 106 1166
222 86 671
223 779 167
224 1103 1035
225 932 431
226 998 172
227 182 442
228 111 429
229 97 1068
230 134 430
231 106 822
232 208 831
233 962 844
234 49 26
235 27 1042
236 905 681
237 564 295
238 850 919
239 467 725
240 1096 353
241 481 1184
242 763 1023
243 1132 1070
244 202 660
245 727 1056
246 433 202
247 199 962
248 436 371
249 760 526
250 1027 402
251 609 953
252 638 485
253 825 471
254 1139 90
255 847 771
256 139 809
257 616 884
258 10 869
259 253 679
260 906 160
261 1034 1066
262 534 10
263 884 574
264 1063 808
265 324 723
266 433 193
267 477 1151
268 348 1157
269 412 906
270 264 873
271 384 493
272 1160 138
273 1045 90
274 694 616
275 277 809
276 537 782
277 758 59
278 351 54
279 553 1072
280 1090 940
281 138 98
282 714 442
283 92 450
284 108 794
285 700 959
286 279 439
287 690 832
288 861 586
289 1143 567
290 851 305
291 1153 332
292 892 631
293 376 587
294 224 1089
295 281 502
296 157 1179
297 161 588
298 766 644
299 242 33
300 804 1125
301 161 746
302 78 1058
303 874 658
304 1144 11
305 36 139
306 408 1076
307 181 108
308 916 389
309 255 554
310 23 1146
311 463 671
312 720 712
313 1064 46
314 792 837
315 1140 486
316 189 179
317 997 250
318 540 839
319 335 991
320 1097 307
321 410 176
322 1059 1058
323 692 633
324 438 1095
325 1063 615
326 111 915
327 441 231
328 100 10
329 134 1008
330 614 0
331 1043 325
332 734 419
333 408 235
334 871 267
335 314 1019
336 576 1197
337 293 1038
338 111 196
339 176 366
340 163 1190
341 1040 6
342 33 843
343 655 833
344 785 221
345 185 59
346 120 951
347 935 25
348 999 646
349 289 386
350 405 1088
351 968 1048
352 734 479
353 630 107
354 1014 224
355 273 1108
356 754 100
357 720 508
358 317 201
359 932 1071
360 44 718
361 410 346
362 155 224
363 5 1027
364 480 65
365 34 652
366 785 1014
367 1195 569
368 707 665
369 703 179
370 547 366
371 711 208
372 795 379
373 495 135
374 795 734
375 1002 175
376 742 980
377 792 626
378 36 4
379 710 969
380 780 143
381 161 200
382 566 974
383 750 88
384 670 702
385 638 409
386 847 116
387 1053 786
388 223 837
389 576 612
390 593 798
391 20 1166
392 131 548
393 771 1188
394 894 1135
395 775 1023
396 1037 477
397 1188 873
398 425 290
399 348 715
400 1098 646
401 768 1140
402 488 926
403 69 993
404 143 446
405 562 879
406 444 1020
407 786 969
408 337 478
409 867 1156
410 911 365
411 575 175
412 249 1048
413 1022 503
414 981 67
415 765 355
416 37 726
417 30 107
418 863 653
419 700 153
420 932 629
421 483 618
422 253 462
423 496 974
424 545 451
425 570 1041
426 392 1054
427 173 204
428 566 71
429 675 52
430 55 1191
431 656 292
432 240 902
433 300 42
434 1198 787
435 66 299
436 205 75
437 325 811
438 1109 959
439 622 813
440 985 538
441 773 542
442 1041 1036
443 991 949
444 1053 301
445 480 520
446 159 1050
447 736 1015
448 1192 861
449 615 729
450 321 417
451 653 208
452 613 920
453 1088 231
454 232 378
455 52 192
456 145 957
457 1083 1055
458 10 485
459 471 856
460 1030 948
461 471 945
462 152 534
463 384 342
464 58 449
465 404 809
466 216 477
467 1123 743
468 28 1167
469 312 76
470 846 1068
471 1000 54
472 49 207
473 836 481
474 908 1057
475 996 124
476 1056 931
477 962 589
478 397 1185
479 677 304
480 485 119
481 909 774
482 1159 694
483 546 442
484 620 196
485 639 598
486 391 345
487 937 1179
488 757 1126
489 809 994
490 938 135
491 73 1108
492 721 833
493 772 519
494 930 317
495 901 1039
496 759 287
497 12 812
498 39 599
499 257 700
500 91 786
501 215 160
502 496 163
503 537 1117
504 63 752
505 742 769
506 246 1110
507 1062 124
508 113 512
509 921 323
510 871 706
511 577 975
512 199 765
513 508 142
514 406 88
515 738 801
516 154 808
517 379 1156
518 570 907
519 40 321
520 728 320
521 1166 66
522 105 287
523 150 1044
524 625 16
525 915 40
526 282 134
527 543 945
528 705 29
529 438 1047
530 468 1144
531 825 980
532 489 164
533 1131 447
534 536 567
535 434 1155
536 1152 59
537 303 301
538 735 607
539 1026 158
540 1061 1111
541 654 1127
542 334 436
543 213 535
544 478 378
545 1047 769
546 1159 958
547 62 1001
548 1075 880
549 1090 172
550 522 620
551 1044 33
552 1155 724
553 551 545
554 675 503
555 1120 23
556 814 919
557 1165 767
558 303 971
559 705 1021
560 837 1149
561 395 645
562 132 921
563 577 34
564 492 266
565 5 534
566 378 1012
567 812 810
568 614 581
569 453 442
570 962 377
571 844 412
572 30 480
573 667 406
574 38 627
575 471 957
576 1119 954
577 432 1152
578 995 852
579 952 677
580 1125 494
581 31 906
582 603 419
583 639 134
584 192 121
585 522 234
586 471 692
587 170 738
588 852 1065
589 949 752
590 1136 474
591 30 13
592 503 1148
593 21 352
594 924 961
595 1078 113
596 645 1108
597 286 347
598 956 169
599 741 1077
600 113 966
601 604 188
602 905 928
603 865 284
604 559 588
605 358 432
606 674 1030
607 388 375
608 186 745
609 772 551
610 193 1138
611 529 751
612 202 886
613 940 374
614 1119 963
615 159 919
616 557 40
617 573 967
618 534 796
619 293 96
620 1114 490
621 888 983
622 529 822
623 1098 815
624 197 869
625 766 1045
626 462 948
627 1007 804
628 341 578
629 892 1143
630 365 394
631 491 527
632 193 339
633 31 371
634 257 201
635 811 10
636 46 107
637 192 381
638 136 1003
639 916 427
640 748 418
641 928 410
642 468 983
643 247 195
644 416 533
645 1035 723
646 786 430
647 794 239
648 491 676
649 153 175
650 79 399
651 1153 811
652 716 1169
653 1008 919
654 411 1156
655 1156 4
656 828 511
657 215 812
658 588 1045
659 69 115
660 118 735
661 897 601
662 1027 339
663 134 242
664 957 664
665 853 590
666 295 1082
667 552 1162
668 588 509
669 718 1003
670 652 738
671 993 1104
672 673 482
673 645 284
674 941 653
675 283 607
676 304 161
677 570 399
678 1073 815
679 148 900
680 1135 443
681 824 667
682 1151 202
683 260 866
684 245 1113
685 609 311
686 602 409
687 324 597
688 480 265
689 843 1093
690 340 573
691 299 299
692 654 499
693 368 1136
694 763 1104
695 825 83
696 858 84
697 155 397
698 1149 213
699 945 437
700 901 205
701 1022 340
702 15 699
703 324 985
704 871 408
705 372 294
706 741 197
707 693 1043
708 521 530
709 345 639
710 2 624
711 249 119
712 67 133
713 949 1129
714 469 739
715 382 623
716 663 95
717 851 1189
718 777 852
719 784 1044
720 739 408
721 819 975
722 854 1095
723 974 39
724 152 32
725 132 1091
726 101 291
727 717 368
728 290 178
729 892 250
730 122 770
731 841 348
732 74 1117
733 501 714
734 815 346
735 725 694
736 977 307
737 1006 105
738 161 679
739 557 951
740 919 603
741 128 1047
742 202 65
743 789 760
744 319 2
745 1074 993
746 703 368
747 411 916
748 1161 966
749 630 733
750 227 477
751 1146 466
752 885 289
753 75 5
754 53 649
755 813 249
756 564 230
757 821 628
758 1167 1045
759 463 375
760 633 232
761 705 566
762 283 25
763 246 969
764 149 847
765 404 382
766 1169 117
767 1103 802
768 121 574
769 1046 1036
770 759 128
771 766 344
772 591 722
773 1127 1021
774 886 395
775 1017 124
776 840 718
777 68 348
778 939 495
779 573 566
780 480 269
781 148 881
782 116 335
783 596 796
784 231 1099
785 866 236
786 379 25
787 569 815
788 469 1
789 573 86
790 525 1059
791 178 970
792 755 114
793 602 525
794 251 1141
795 28 982
796 580 1007
797 139 768
798 256 792
799 586 967
800 194 1065
801 489 867
802 1159 718
803 946 111
804 1122 786
805 514 123
806 844 157
807 1099 1045
808 100 507
809 258 425
810 244 465
811 282 1118
812 395 775
813 121 1142
814 1143 479
815 972 562
816 1049 252
817 892 728
818 973 838
819 75 1168
820 95 515
821 749 848
822 159 915
823 122 616
824 930 722
825 874 236
826 246 354
827 906 294
828 607 477
829 597 820
830 352 988
831 39 4
832 603 924
833 1168 624
834 710 444
835 438 539
836 789 1152
837 1027 446
838 541 381
839 159 378
840 830 1116
841 1014 14
842 850 559
843 830 830
844 732 773
845 164 627
846 456 513
847 1122 527
848 241 776
849 157 195
850 1114 1080
851 1121 309
852 940 233
853 201 1006
854 857 939
855 1068 305
856 243 197
857 1146 728
858 1129 677
859 1052 132
860 98 796
861 313 651
862 621 205
863 580 59
864 661 85
865 455 900
866 401 943
867 496 870
868 223 1018
869 622 621
870 967 350
871 518 1063
872 112 202
873 917 9
874 802 116
875 316 1093
876 6 135
877 334 515
878 990 1169
879 297 74
880 1060 11
881 142 914
882 948 937
883 661 349
884 821 195
885 499 113
886 953 63
887 571 497
888 1177 791
889 1110 712
890 970 967
891 350 183
892 599 528
893 157 1154
894 1175 296
895 174 241
896 841 418
897 295 983
898 131 976
899 632 968
900 749 164
901 345 511
902 184 652
903 1014 555
904 1030 1105
905 683 106
906 515 827
907 576 218
908 202 244
909 476 1151
910 670 520
911 463 205
912 634 707
913 371 1172
914 288 607
915 953 514
916 928 587
917 357 688
918 1086 366
919 921 566
920 446 843
921 295 117
922 704 963
923 1081 376
924 99 426
925 607 175
926 947 23
927 269 933
928 1084 638
929 575 1074
930 295 271
931 59 345
932 1050 1018
933 984 824
934 919 492
935 174 189
936 415 252
937 419 1187
938 994 497
939 835 1092
940 795 519
941 283 66
942 1098 1064
943 380 971
944 411 799
945 924 618
946 796 170
947 739 602
948 47 1053
949 32 605
950 855 330
951 88 300
952 795 807
953 1002 816
954 195 966
955 1093 489
956 262 48
957 362 24
958 917 31
959 981 817
960 811 878
961 1163 649
962 191 829
963 372 958
964 282 359
965 1044 1050
966 838 1021
967 257 926
968 1017 470
969 996 910
970 873 329
971 765 471
972 635 912
973 157 1133
974 247 1003
975 518 1099
976 519 269
977 998 1030
978 576 352
979 318 1172
980 582 417
981 1031 648
982 745 775
983 1136 215
984 27 782
985 932 191
986 364 161
987 847 371
988 317 828
989 944 245
990 997 693
991 895 401
992 1170 968
993 984 856
994 1030 33
995 352 956
996 778 778
997 1079 274
998 118 527
999 628 25
1000 1196 353
1001 891 5
1002 172 895
1003 177 754
1004 887 83
1005 95 113
1006 142 881
1007 734 846
1008 361 365
1009 146 119
1010 1144 886
1011 965 1004
1012 823 859
1013 1108 1015
1014 290 181
1015 734 133
1016 547 327
1017 889 264
1018 1191 569
1019 108 829
1020 1088 1190
1021 331 1046
1022 664 72
1023 1027 199
1024 546 706
1025 1059 1134
1026 446 1080
1027 918 885
1028 690 1093
1029 1081 372
1030 181 388
1031 1126 586
1032 1160 913
1033 505 1023
1034 1170 268
1035 1175 1122
1036 1167 1019
1037 334 728
1038 208 1153
1039 1034 1081
1040 55 177
1041 60 601
1042 1183 628
1043 120 16
1044 1098 994
1045 956 661
1046 1042 755
1047 157 1043
1048 320 460
1049 955 658
1050 1044 274
1051 415 852
1052 1190 846
1053 441 1088
1054 214 907
1055 492 721
1056 288 1193
1057 500 438
1058 424 257
1059 1170 578
1060 771 836
1061 64 881
1062 34 899
1063 447 533
1064 261 608
1065 1014 1108
1066 823 646
1067 732 346
1068 1040 521
1069 166 19
1070 919 294
1071 15 668
1072 385 240
1073 632 721
1074 1193 994
1075 801 246
1076 1158 153
1077 444 818
1078 227 1006
1079 134 66
1080 911 1004
1081 42 673
1082 364 214
1083 1042 1126
1084 14 585
1085 766 1089
1086 409 1059
1087 544 172
1088 52 180
1089 267 646
1090 776 503
1091 680 746
1092 747 838
1093 544 1117
1094 464 468
1095 76 433
1096 69 406
1097 282 573
1098 72 328
1099 159 761
1100 787 567
1101 807 517
1102 1189 1178
1103 821 632
1104 248 759
1105 1038 1043
1106 610 382
1107 141 1107
1108 400 269
1109 990 946
1110 139 654
1111 242 128
1112 465 997
1113 413 465
1114 366 250
1115 103 1043
1116 583 398
1117 132 1193
1118 366 270
1119 171 114
1120 422 931
1121 292 813
1122 390 320